7590318841.45
2675873500.16
9.15344844785
1.497718906
0.168284908767
0.154700885018
0.161947369001
0.15763337783
0.175515203983
0.178357744038
0.174714578419
0.179901058665
0.195729212795
0.17195728647
0.182190892123
0.185394670417
0.186794106675
0.193380816342
0.169201090745
0.190721880973
0.181453017628
0.197393845991
0.213464822613
0.20046544574
0.179907805627
0.20694032128
0.199139388355
0.181144299143
0.203888435895
0.1976458872
0.201141075748
0.188591697057
0.20020377181
0.19944498507
0.209867438414
0.203084551146
0.204464538772
0.206961610919
0.206378371173
0.206282803697
0.208858296232
0.204618681264
0.21844737904
0.204133119609
0.211226317048
0.188096528237
0.221491803297
0.19839888432
0.210504260735
0.220407847871
0.191950077418
0.207393124886
0.214747423848
0.203515740598
0.195984390019
0.188169338374
0.21136760257
0.208322937771
0.204372038002
0.212388210597
0.204113276852

0.203863147248
0.202410121471
0.208985572383
0.201320862995
0.200741680889
0.18316732712
0.197522783857
0.192624356997
0.19013299376
0.193996253798
0.197053471356
0.184790185771
0.185594192918
0.184587252487
0.189741669346
0.182136906005
0.1693935898
0.178180993543
0.190700902414
0.166509929392
0.174492468604
0.158485121583
0.180861406462
0.165186873429
0.179647666407
0.161021505531
0.158887887492
0.156601070424
0.154377384928
0.144078023868
0.147597237805
0.136536851785
0.139808668996
0.127471971908
0.130227600183
0.143440686683
0.130528828831
0.116689675642
0.130985071481
0.117381096112
0.107573502128
0.123492913689
0.109070517316
0.102932594725
0.09594867628
0.0962969726672
0.0957667540082
0.111725948363
0.0865417468023
0.118623847761
0.0844954803757
0.0772371968247
0.0731265474537
0.0723168353085
0.0875894101683
0.0634438901819
0.0619355872533
0.0657546736952
0.0761984360555
0.0767061757553
0.0642667190604

0.0584461962476
0.066507699927
0.0541104452916
0.0765045699967
0.0709814769634
0.0742970213396
0.0570479979523
0.0616311281893
0.0492114065314
0.043664904244
0.0678286496182
0.0575379960692
0.0601267809946
0.0648508248635
0.0529654531095
0.0325300825453
0.0374289258618
0.0621919242687
0.0419400303139
0.0569075473856
0.0340154706761
0.0709229417438
0.0542185500119
0.0398200425287
0.045685525107
0.0479947530651
0.0426285807432
0.0358930900408
0.0471556891973
0.0865140538904
0.0300953135957
0.0329445828139
0.0331130945518
0.0279673456573
0.0346913717163
0.0339146955243
0.0475553319489
0.0296065386024
0.0342872118666
0.0481002971419
0.0234239138871
0.034310035329
0.041593062527
0.024626339517
0.028369945498
0.0423412062717
0.0331124767823
0.041438667478
0.0434262557825
0.0237678440472
0.0257595316703
0.034243473677
0.0327640154398
0.059493019742
0.0222130339329
0.0592544538374
0.0319672819738
0.0241906884526
0.0275570433866
0.0488650298068
0.0344570487313

0.047382838179
0.0300100345639
0.0211142299887
0.0202849364118
0.0350548948694
0.049544583091
0.0406487583629
0.0323214276807
0.0471627542318
0.0566160845077
0.0472539314137
0.0422753755184
0.0453152106301
0.0365033064141
0.0300711928562
0.0377182209892
0.0563498350825
0.0262348915576
0.0380064563244
0.0493764172656
0.0364660982576
0.0247721928749
0.0388690081884
0.0286924460937
0.0244664267294
0.0260319970037
0.0400140103279
0.0271320687823
0.0493017725555
0.0480802328015
0.024652489162
0.025464886213
0.0247194510758
0.0405545905902
0.0384797435739
0.0548762699687
0.0264090253693
0.041033609653
0.0196232595746
0.0239029228611
0.0261063763542
0.0250360823699
0.0201539708187
0.0218136188676
0.0270222107587
0.0566935800503
0.0377257992269
0.0634184200921
0.0322150968025
0.032432225655
0.0513082825437
0.0243937766737
0.0298853139097
0.0279599576751
0.0415088831458
0.031942451522
0.0406902175793
0.0479832670491
0.0839490969025
0.0583614476602
0.0369667829532

0.0297116394977
0.042412880564
0.040084066495
0.0333560353169
0.0330908780908
0.0419874991226
0.0357442649826
0.0292225679509
0.0296795959199
0.0552036445342
0.0383504382977
0.0240374719616
0.052181953071
0.0368112477012
0.0594804165423
0.0249053088324
0.0235207370676
0.0441708579723
0.0426687465635
0.0192469491911
0.0283645998109
0.0333982322343
0.0584727416153
0.062982286114
0.0382888958451
0.0567219953066
0.0343430110198
0.0282509878046
0.0244159692904
0.0276870044421
0.0319861232774
0.0400750127937
0.046695957219
0.0228637129033
0.0268094734642
0.0273594313281
0.0207592360055
0.0427107399719
0.0830027062695
0.0399036932092
0.0237715148536
0.0500508685555
0.0300736764593
0.0566962196347
0.041052869069
0.030007104716
0.051386697901
0.0487878830603
0.0291994492456
0.0276911910196
0.0481030352662
0.0253268568449
0.0480937950791
0.0316529430419
0.0286485647739
0.05204035823
0.0485519191005
0.027169480151
0.0358335970913
0.0418455014218
0.0367340626627

0.0570899653786
0.0586405102798
0.0353771926791
0.048108945661
0.0258387145144
0.0298090106806
0.0368146885501
0.040577934439
0.0811663350341
0.0320757655102
0.0319296181984
0.0368536745275
0.047844010881
0.0316950992752
0.0251612925534
0.0380708249852
0.0265454224631
0.0486094829907
0.0235842244073
0.0394858032108
0.0309292062553
0.0517345842756
0.0419937636964
0.0406686526083
0.0308137594751
0.0219565279322
0.0255464299828
0.0404294671659
0.0638252303992
0.0302258297337
0.0200181833886
0.0497291921639
0.0260746753543
0.0337100728155
0.0193738622556
0.0355509957842
0.0398046453146
0.0259800889139
0.0393754563877
0.0248248719875
0.0267979228351
0.0308985554815
0.0409631998889
0.0452786399454
0.0264827692327
0.0266290025838
0.0217763979633
0.0464009958207
0.0262914251737
0.0486358055779
0.0413172042544
0.0577989365125
0.0458920614146
0.0382442336665
0.0328874615447
0.0281397701852
0.0522116316929
0.0533615419072
0.057308905133
0.0267998291378
0.036760096232

0.056876888356
0.0236003674604
0.0304199661266
0.0242795329392
0.0337250388236
0.0450584106848
0.0515368694748
0.0410464894295
0.0366575145658
0.0298253586294
0.0413089191623
0.0318808919354
0.0343296990878
0.0271326716819
0.0286753884289
0.0532034698343
0.0573118146178
0.0256588519458
0.0668274091713
0.0239840184649
0.0533251819794
0.0298428273289
0.0461909240317
0.0344758606518
0.0352028361904
0.0289775621568
0.0388804189566
0.0361626037498
0.0396093291387
0.0496334298551
0.0195774246592
0.0374109556165
0.0387021875675
0.0481538510655
0.0571964197565
0.0405756977566
0.0491204487945
0.0247124937159
0.032857275497
0.0431187661714
0.0347751941021
0.0477379976051
0.0321980735314
0.0362863577352
0.0604240498742
0.027840059031
0.0234446543809
0.0482948106632
0.0837071748804
0.0315365610215
0.0255847416652
0.0482052003642
0.0306468200793
0.0316361156946
0.0316641924447
0.0519105243061
0.0278960655709
0.0292492559964
0.0422983126397
0.0333300842621
0.0351521814412

0.0235574136339
0.0276063346559
0.0451266553981
0.031780375047
0.0260363856176
0.0195077147874
0.0564686912884
0.0398482686449
0.0407387590727
0.05629665263
0.0254475330153
0.0236692307298
0.0456796546251
0.0497331764167
0.0253364829514
0.0349404883381
0.0611645073889
0.049583442178
0.0218723191788
0.0280125275357
0.0251984819873
0.0817097691069
0.0270992783687
0.0353590684778
0.0422132457384
0.0663918261497
0.0553090609921
0.0295593524256
0.0440877305347
0.0356747449304
0.0337947892899
0.051775301931
0.0428863058693
0.023075211726
0.0509089491864
0.0271672905063
0.0344452902967
0.0296383881087
0.0273908439229
0.0331143408044
0.0376195938054
0.0253318626655
0.0292755357263
0.0260468757665
0.0247845029636
0.0459474372921
0.0418272064383
0.0325809490486
0.0390038825847
0.0462613092768
0.0263853600908
0.057375866772
0.0299494186679
0.0360498261457
0.0411477855761
0.0498969429374
0.0393951519103
0.0548284698053
0.036203541119
0.0234455615244
0.0360756581176

0.0327693798536
0.0324634859116
0.0575540477091
0.0360522164224
0.0412651725872
0.0498941492712
0.0312872707452
0.0540825554143
0.047758314651
0.0368792791304
0.0576122137183
0.0450090105483
0.0276285270844
0.0250703295167
0.0389356945464
0.0234422436316
0.0438610890961
0.0411071562661
0.0497312672661
0.0404960509411
0.0354421005621
0.041090370585
0.0239885940795
0.0418214434011
0.0305324434793
0.0515737699108
0.0262303058285
0.0325455647817
0.0274138837561
0.026661818605
0.0393180392452
0.0277940564855
0.0228542790291
0.0471102997272
0.0274662280266
0.027187402969
0.04823812939
0.0218389868119
0.0275117274374
0.0255374756961
0.0270277782338
0.0417075486859
0.0247976856257
0.0311343527576
0.0204094045209
0.0423861751244
0.0822744554704
0.0621243260847
0.049792284311
0.0515331391958
0.0578939310713
0.0331599289168
0.0276850230479
0.0426113390119
0.0244404154004
0.0290240721931
0.0314735151301
0.0400435907037
0.0483647077969
0.0605960201425
0.0382107890887

0.0424574529547
0.0270681351083
0.0634218129018
0.0253004179175
0.042575815285
0.0292079445486
0.0591320903294
0.0446520979144
0.0263924641811
0.0534753113399
0.0314460380193
0.0364603148783
0.039989477055
0.0278136695397
0.0495690345902
0.0329904486794
0.0805045310333
0.0517577595846
0.0457683502312
0.0498204555371
0.0264499057911
0.0263781998873
0.0405253048496
0.0504415189514
0.0328517574637
0.0419027566421
0.0252075507385
0.0582813613721
0.0356233081955
0.0530669154721
0.0383219747703
0.0481121241304
0.0312294048358
0.0298143910294
0.0346744810002
0.0568733532801
0.0326363129327
0.0240576040234
0.0369837928413
0.033003899311
0.0308581782438
0.0309791269464
0.0347236208707
0.0276647475153
0.0560677324117
0.0286562320152
0.0405828433809
0.0509863233117
0.0200271884099
0.0387641697394
0.02831006923
0.0474816955865
0.0271915538331
0.0332842046017
0.0207114870142
0.0398329188341
0.0477729322387
0.0346784922866
0.0337777380593
0.0217529223864
0.0348557045119

0.0254303158021
0.0208710697682
0.0336569831618
0.0264073271751
0.0254394034026
0.0247465153572
0.0241883051906
0.0465801598582
0.0298952040033
0.0182236367735
0.0821692819254
0.023509688197
0.0301829230119
0.0520788715945
0.0345636601376
0.0300453074157
0.0314249576657
0.0272488855762
0.0475427795336
0.0225707435973
0.0510159155651
0.0234613190984
0.0594236976525
0.0358300282327
0.0245598368286
0.0580334992548
0.0491446767872
0.0365449874153
0.0634928692417
0.0537972182853
0.0251460614555
0.0345344453828
0.0271934635626
0.0432962284309
0.0296228458427
0.0407263930515
0.0331481273246
0.0244870442737
0.0459058724456
0.051036776345
0.0431170363819
0.0299773729889
0.0369821793447
0.0477393378781
0.0407403358285
0.041751909209
0.0561917688825
0.0224426370122
0.0409371335658
0.0410684594485
0.0485278891171
0.0251073694528
0.0473848109677
0.028703059246
0.0387784943899
0.0578914384601
0.0353898183409
0.0472972644161
0.0247932495477
0.0303828540053
0.0382049837691

0.047424755642
0.0419333953296
0.0415738538565
0.0433544585605
0.0541079279614
0.0270219668601
0.0301436488546
0.0514559775673
0.0843699923427
0.0312793375681
0.0260502549119
0.033440733773
0.0353371176147
0.0554985043475
0.0484179402296
0.0289158878536
0.0291182063249
0.0481972152401
0.0415568667215
0.0362413264051
0.0570178519507
0.0353322505519
0.0354033445678
0.0568883664018
0.0332062662412
0.0469278596409
0.0339904562634
0.0428668508675
0.0501171534324
0.0401157233579
0.0518760781758
0.0344933052085
0.0425797235142
0.0246507292811
0.0601975121085
0.0322223202774
0.0498335330389
0.0303146905293
0.0224256326534
0.0290859157219
0.0305630062115
0.0278402257524
0.0562913183304
0.0347881113945
0.0303542241278
0.0285054141168
0.0283442303234
0.0215408800146
0.0227841482709
0.0420223704981
0.033592838287
0.0489212033493
0.0201611302814
0.0417938155668
0.0493879583142
0.0638152749658
0.0249637323919
0.0248367088308
0.0222008210498
0.0379038128925
0.0336101067131

0.0309572196876
0.0566550855091
0.0340201052212
0.0226109827346
0.0314860582128
0.036050112131
0.0380797847982
0.0444323015837
0.0235293881721
0.0506242082678
0.0857671857021
0.0638759456002
0.0561802752092
0.0280337430483
0.0419607736552
0.0437820040409
0.0436215558139
0.0391050207329
0.0634498855201
0.0373925242814
0.0319874918824
0.0337833771024
0.0369457256911
0.0285240067319
0.0418600264143
0.0295978035899
0.0281321331872
0.0372191788999
0.0472735874414
0.0245981760973
0.0487102932476
0.0219247334013
0.0203882984087
0.0213450282651
0.0438725664755
0.0253667267583
0.0304774665815
0.0275600289484
0.0383759066897
0.0261557858157
0.041238208246
0.042110894795
0.026809207191
0.0524086549974
0.0481658088444
0.0216932163238
0.0269501139181
0.0304878436639
0.0580175394308
0.0274294546767
0.0499702523475
0.0482933535678
0.0371597696409
0.0276473853412
0.0339790701881
0.0459150221093
0.0214189788733
0.0481286114763
0.028816605294
0.0577325479121
0.0358826769127

0.0359342464207
0.0505941895728
0.0500817408099
0.0388019950131
0.0411450487546
0.0410811471468
0.0580649096753
0.0287794217449
0.0352379412922
0.0308327402259
0.0485158169062
0.0351077463967
0.0371163860799
0.0278444364165
0.0240952892661
0.0602516542211
0.0246537977713
0.0244103595249
0.055106739887
0.0420619348586
0.0319775855468
0.0257491839808
0.0509579021448
0.0291716819975
0.025942828553
0.0570035664907
0.0317557770699
0.0375172979105
0.0280428662655
0.0517157207051
0.0240826686722
0.0276400779825
0.0381879180688
0.0367230487929
0.025702946263
0.0262857608016
0.0331168364892
0.0290195145453
0.0491624936046
0.0187569425226
0.0469347763737
0.0565432272715
0.0397681605591
0.0283204283871
0.0453476526779
0.0277197074022
0.0258338464071
0.0510849030667
0.0347120634776
0.0850139084092
0.0314816142611
0.0414840708277
0.0283700977713
0.0406635536389
0.0456067586853
0.0400080940049
0.0653708571613
0.0472615559853
0.026774352211
0.027611654108
0.0382732225603

0.0585336589664
0.0306673293261
0.0376115274906
0.028852278984
0.025807937609
0.0491244853588
0.0408315677471
0.0423048877517
0.0296345883344
0.0449256196728
0.0419718908153
0.0301540312186
0.0345192396057
0.0291619150563
0.0413777692136
0.047518120981
0.0568771638506
0.0581367723715
0.0533623652512
0.0296052940402
0.0478030324284
0.0255358332015
0.030748265319
0.0325413013043
0.0380651821252
0.031589463023
0.0344279329674
0.0258451187694
0.0311879407276
0.0292119280759
0.036075764116
0.0359416788032
0.0527448978814
0.04082327602
0.0235687460749
0.0381376999804
0.0212068758961
0.0498688536282
0.0209201695792
0.0593032152268
0.0407871816129
0.0268961889602
0.0509167480592
0.0329692963222
0.0222389746361
0.033274680681
0.0402678360119
0.0396863160356
0.032139600981
0.0641951157941
0.026278080838
0.024412256135
0.0302119057761
0.0471034994884
0.0318120037125
0.0466036501482
0.0492807838482
0.027333733598
0.0841494118754
0.0509661661196
0.0370107529457

0.0311027637484
0.0305094264667
0.0396923319486
0.0491899955202
0.0614300176373
0.0520187585703
0.0362747983252
0.0338608328722
0.0395728049133
0.0346558619946
0.0320953002642
0.0517539659077
0.0246157989835
0.08278369973
0.04874263495
0.0443611562345
0.0408323665488
0.0457683868982
0.0437753505151
0.0437420083112
0.0351119102263
0.0321367414707
0.0631988404723
0.0415584231068
0.0498641536524
0.0564137953963
0.0328556627769
0.0407140549935
0.0539749771114
0.0584944778995
0.0525401990557
0.0248648488289
0.0344795554403
0.0255065058044
0.0259793053084
0.034931058501
0.0582633907623
0.0597682418984
0.029851843553
0.0404866232439
0.040964846057
0.0272496696299
0.0488764507389
0.0245457417752
0.0301138208042
0.0292434804167
0.0329191731106
0.0411672941991
0.0456690802094
0.0410694537786
0.029579487116
0.0415961838092
0.033190796388
0.0229610377896
0.0198357722425
0.0282928578686
0.0506388154825
0.0249287877065
0.0247740737834
0.0265676996416
0.0340928586922

0.0472317095642
0.0263824165403
0.051756144554
0.0557365999447
0.0373973881113
0.0400892511394
0.0223682428868
0.0305748687357
0.0280114336668
0.0551045291057
0.0518987657418
0.0301951708558
0.0228461399646
0.0285832478023
0.0598143130305
0.0208971088214
0.0328045244782
0.0493289212906
0.0483128338639
0.0392883087735
0.0424580542873
0.0483585356969
0.0354694943604
0.0478579966181
0.0457193972728
0.0277772447276
0.0281837626496
0.0221968080227
0.0477212413416
0.0394955825061
0.0827573861524
0.0383629630054
0.0331953170145
0.0258079238645
0.0446140096644
0.0650746287387
0.0267186575799
0.0370715185644
0.0335344959454
0.0360607562983
0.0233220286482
0.0340906895979
0.0291764164424
0.0414198596006
0.0569706468493
0.0276531530847
0.0256349604461
0.0477424340929
0.0388141907108
0.026923400006
0.0414589994961
0.0406797235753
0.0265905335396
0.0263424240768
0.0255743997428
0.0317380746493
0.0315008376884
0.0555645013264
0.0317974291126
0.0244736834531
0.0341290571971

0.0549765353195
0.0261196126773
0.0389098712892
0.0467630141835
0.0311973457152
0.0222384113205
0.0460495685509
0.0379581507403
0.0386949518052
0.0231321109368
0.0410884626672
0.0575650044394
0.0282849881279
0.025293591134
0.0281677648298
0.0345640120094
0.0339281041396
0.0242318388426
0.051958907899
0.0338186349405
0.0213408133218
0.0397659377859
0.0273476977537
0.0647912968848
0.0221270712394
0.0213513311146
0.0386861471238
0.0409614088011
0.0268556160776
0.0416567398796
0.0276354777003
0.0519772875812
0.0265194857757
0.0502339755639
0.0577823170563
0.0281055123366
0.0451702633041
0.0220083729107
0.0278508487161
0.048994281508
0.028187402282
0.057004233493
0.0362761048267
0.0829225991851
0.0351438828958
0.0379814760035
0.0364426368872
0.047794778146
0.0369088903263
0.0275032106312
0.0486677987302
0.0251098345825
0.050224027715
0.0321543140261
0.033172693891
0.0230917443047
0.0281105763099
0.0447491701882
0.0345871836105
0.0332932938873
0.0360800722629

0.035788048052
0.0530781371384
0.0406473359491
0.0255512088932
0.0387466536071
0.0476468913527
0.0207419970869
0.0334130420201
0.0318569020836
0.0343340827252
0.0347635761325
0.0268639991931
0.0239275161888
0.0488567292251
0.0427459444777
0.0452029125363
0.0477366319909
0.0238985066679
0.0467219770539
0.0265020769244
0.0520530152546
0.025687346056
0.0456800587328
0.0228374357362
0.0279284167828
0.0570341190256
0.064645862523
0.059375983887
0.0316057208966
0.032704670068
0.0577872964792
0.0308436836129
0.0410151973021
0.0376203305085
0.0450567452541
0.0368159491085
0.0230680911599
0.0822773470843
0.0408134446583
0.0359766176453
0.0274911267228
0.0298847060899
0.0329129205642
0.0330447690666
0.0281210622408
0.0247300320847
0.0243151854489
0.02790865674
0.0399093150469
0.0256963076342
0.0396818053541
0.0257144421169
0.056306829669
0.0192491493802
0.048876810081
0.0419836341764
0.0237431730502
0.0397612613642
0.0239021650544
0.0507778264208
0.0361674416952

0.0586766459442
0.0506421699894
0.0285218638211
0.0289918386039
0.0832986976436
0.0485416139962
0.0468334882947
0.029765361301
0.0285665140078
0.0366492830823
0.0253847325629
0.0390996169552
0.0393776081088
0.0296652318382
0.0664212025393
0.0538528173822
0.0240408722328
0.021322055827
0.0553314812
0.0313274696111
0.0470434947353
0.027888462177
0.0480015132438
0.0315035380209
0.0311854107706
0.0329333380278
0.027502741516
0.0237283503922
0.0336194621248
0.0274615387722
0.0213990574211
0.0387771051536
0.0473422530877
0.0582889117252
0.0280356586386
0.026466428948
0.0268760775999
0.0208888684861
0.0355913064142
0.0438692833551
0.040966348805
0.048231556275
0.0405473786791
0.0202622002307
0.0396629119394
0.051834995145
0.0290551790763
0.0406469835112
0.0482838651075
0.0307679997418
0.059495478795
0.0425877559335
0.0355490066277
0.0393104256046
0.0421375663141
0.029459727582
0.0372135173922
0.0503661943294
0.0280975669834
0.0423812913748
0.0366872674451

0.0234992709278
0.033783633801
0.0508853796248
0.0543602591552
0.0517465159921
0.0502280183851
0.034117004039
0.0283035318811
0.0229329086268
0.0361367311646
0.0429383536577
0.0258131956517
0.0288199637449
0.0251454440479
0.0295862595027
0.0267121335989
0.082547990396
0.0253097225246
0.033169333171
0.0556985238938
0.0482643845686
0.0331225183946
0.0461628889818
0.0249481464417
0.0443387041957
0.0405723153063
0.0373827372682
0.0508153021263
0.0277325337848
0.0219750594715
0.0284882592428
0.0243976943093
0.0399108652346
0.0300164047202
0.0247918925858
0.0569447945862
0.0290368880602
0.0480312770832
0.0664250003878
0.042045287411
0.0582575764125
0.0278336055164
0.0410482410252
0.0406725274758
0.0382669132042
0.0275241172507
0.0421930260576
0.0348104732701
0.0305315224484
0.0408915909338
0.0224112247489
0.0524862112352
0.0411791786614
0.0333269406323
0.0335850524406
0.0342343803124
0.030001960505
0.0604783728287
0.0231464502964
0.0474628882959
0.0361481727012

0.0275185408596
0.0231376774432
0.052358998506
0.0444928889597
0.0506237951627
0.0302860978794
0.0470449326452
0.0295512544261
0.0312768665855
0.0256058731705
0.037156153077
0.0319658859662
0.0404666435575
0.0406292706092
0.04656778063
0.046853153254
0.0301668108965
0.0350857898673
0.0380349990845
0.022417479052
0.0835660996504
0.0270572977963
0.0413254924506
0.0315951714839
0.0593606661419
0.0503326164665
0.0281878331811
0.0547194943462
0.0264975345417
0.0288863626725
0.0304330677196
0.0296642204296
0.0270752179395
0.0354886281688
0.0220322095215
0.0303317459319
0.0259171410416
0.0201663450572
0.0386268192468
0.0324393707482
0.0398216907411
0.0597256399954
0.0385453023457
0.0409146100941
0.0472295890819
0.0256548323661
0.0273295789444
0.0411033663623
0.0354695136731
0.0487589500634
0.0601001912943
0.0417972094795
0.0299420492904
0.0654386275648
0.0519520927664
0.0613934863193
0.0273564424707
0.0334844954722
0.0491058462047
0.0282707734672
0.0411378287582

0.0330568730576
0.0615453496567
0.0342704109683
0.0442159606779
0.0526145513977
0.0476493874623
0.0475645824539
0.0242209991055
0.0258462025332
0.0282077416216
0.0301931741398
0.037056123388
0.0373825337923
0.0402236878076
0.0268381985721
0.0507026150976
0.0225736396429
0.0467468312075
0.0391872819887
0.0414247354696
0.0542345927479
0.0847579481773
0.0274843881933
0.044041428319
0.0532292997908
0.0269823889528
0.0342824971352
0.0275814544729
0.0346921173205
0.0497044656495
0.0361775364838
0.0382465995613
0.0271746310441
0.027169139439
0.0368859251136
0.0298836421171
0.0491400279821
0.0305242178561
0.0530001897251
0.0273157936499
0.0420649267879
0.0214101837061
0.0568280821607
0.0337085033027
0.0413796791935
0.0342448375763
0.0590614474442
0.0404126924038
0.0496244744658
0.0582181083785
0.0342695831191
0.0235210432119
0.0412262101337
0.0665041145345
0.0360938435019
0.0284808154367
0.0266875651776
0.0426745569015
0.0287736661975
0.0311526537474
0.0371651964113

0.0302260146001
0.0411288836863
0.0276505778336
0.0409164625483
0.0358220702153
0.0266270937171
0.0555809290462
0.028604397514
0.0282504986933
0.0507237370702
0.0831189468653
0.0310352871803
0.0462108847737
0.0498622522286
0.0323932426531
0.0561132806071
0.0263485154919
0.0383655973107
0.0270941248598
0.033082425315
0.0536995177168
0.0506090034611
0.0246406885178
0.0409108503636
0.0390036863709
0.0494527925088
0.0226850275305
0.0467525789141
0.0391331377713
0.0607857532644
0.0479642622126
0.0419510458724
0.0310689685157
0.0219169012894
0.0414403836487
0.0496152306506
0.0434234520512
0.0315352087728
0.0563768162597
0.030781139266
0.0260977079344
0.0367772185454
0.0288511954888
0.0493903751379
0.0659843694988
0.0325133528566
0.0238917444817
0.0354154626186
0.0299530588704
0.0290589884541
0.0223965221013
0.0488540857466
0.0324682289164
0.0252980568522
0.0391423015041
0.0276035853787
0.032903391997
0.0266944648771
0.0385341700074
0.0251195321621
0.0346015898467

0.03786532346
0.0206405532477
0.0489549133496
0.0441106412679
0.0313563419263
0.0507970422241
0.0330212472388
0.0574241233242
0.0264938701247
0.0316083926762
0.0355746087429
0.0313080554256
0.0253089376525
0.0475035725619
0.0254818484193
0.0356387385569
0.0555825558045
0.0401800691813
0.0312135199573
0.0505128902443
0.0290675062209
0.0273301596079
0.0354387767263
0.0466434651467
0.0265095157823
0.0319994456843
0.0580252188089
0.0225599103148
0.0424287196385
0.0266007033278
0.0834994010018
0.0225456139778
0.0293092869246
0.0355867556579
0.0524146199491
0.0339984220911
0.0341131163773
0.0242508946345
0.0279312476015
0.0278588434156
0.0410866162088
0.0308947548961
0.0522343291187
0.0641834714235
0.0581435424016
0.0276692673709
0.0250939297059
0.0396430238363
0.0192573289107
0.0459831166612
0.0378452092149
0.0570425165741
0.0453935937061
0.0417430685967
0.0263216903987
0.0299495892575
0.0243828564945
0.040222134909
0.051305226327
0.0258362668796
0.0371406853906

0.0509184711451
0.0376934459151
0.0506010528311
0.034508378032
0.0359293572841
0.030241994347
0.0652511717031
0.0471705501416
0.0304430331497
0.0461365835886
0.030944147599
0.0354405232898
0.0463356490081
0.0240602877398
0.0518514355279
0.0514886361773
0.0407845366921
0.0402612211392
0.0262508306665
0.0264462005619
0.0276000344366
0.0286722235328
0.0391414020937
0.0278146364247
0.0266481585624
0.0199528286079
0.0242470314102
0.059669618236
0.0471568461438
0.0400963348677
0.0248552138538
0.032027130165
0.0244671860751
0.08301890668
0.0269596786086
0.0284350029229
0.0393180238318
0.0244895348595
0.033461980713
0.027347832897
0.0598515651146
0.0235440779257
0.0449842580906
0.0324282544451
0.045812238998
0.0339309027292
0.0486464087011
0.0423594381907
0.0237585062469
0.0570651217759
0.0376247262028
0.0340140176266
0.0441096578147
0.0423168163366
0.058284849357
0.0603658134838
0.0335142538294
0.0221769363309
0.050965490848
0.0299048192537
0.0369102273036

0.0406590277665
0.0254983063818
0.0237136962333
0.0667537953826
0.0319082364589
0.0555163649785
0.0385200015832
0.0513397315621
0.0276910315788
0.0335926566998
0.0571502128124
0.0469232184988
0.0291089694186
0.0226182421813
0.0357184435777
0.0290144405835
0.081791572163
0.0276028647602
0.0263982240276
0.029872537277
0.040493317236
0.0350777972982
0.0267166078624
0.037802950164
0.0275664675882
0.0504923919282
0.0255891017377
0.025199996827
0.0395898940718
0.0209775612923
0.0390494588681
0.0283896772042
0.0252400195525
0.0511379558243
0.0288707301131
0.0464951807141
0.0330896946756
0.051358322856
0.0422642242226
0.037427806514
0.0476940151389
0.0264353178555
0.0322438264275
0.0209154523646
0.0235705713798
0.0433208050907
0.0407140563739
0.0369110133365
0.0502326257833
0.0496516823069
0.0356494112808
0.0363056326989
0.0352360299062
0.026621001655
0.0291209341726
0.0480832654629
0.061870936292
0.0423913233438
0.0595640470066
0.0468413320343
0.0387518605838

0.0258332407297
0.0304838388001
0.0678135925766
0.0365908178271
0.0471717625538
0.0239254007037
0.0856587003941
0.0325661079034
0.0275040227894
0.0341400204135
0.0401635653325
0.046880493918
0.0569647314731
0.0341271999993
0.0422665031346
0.0348897032402
0.0612008039795
0.0320899293227
0.0320147957821
0.0544038865648
0.0439139986901
0.0385105065149
0.0530072947322
0.0527582729284
0.0582716495601
0.031694517762
0.0269035907105
0.041595544219
0.0315502459274
0.0477867254373
0.0502702047557
0.0426792829932
0.0316170526958
0.0387628503015
0.0307807330844
0.0292639375824
0.0253488645119
0.0244112099284
0.0421792771307
0.0312086193319
0.049268590954
0.0328151245854
0.0515304130777
0.0508917735038
0.0531072843662
0.0222244047495
0.0326134331654
0.0417905851501
0.0575042302474
0.028186621623
0.029240918777
0.0392559475006
0.0251801291467
0.04304633776
0.0289327429484
0.03693762446
0.0382891540874
0.0294329398951
0.0483939385276
0.0263741603324
0.0359673984064

0.0300779579022
0.0575578108579
0.0461815372549
0.0642551473697
0.035641718753
0.0529935337954
0.0481778619759
0.0347413882315
0.0413567752071
0.0372067034019
0.0472109196793
0.0476008024234
0.052497884476
0.0442107213156
0.0372697742214
0.0361796620066
0.0342186806075
0.0440819897081
0.0302518949486
0.028028588733
0.0263672357174
0.0580496560578
0.0340049787503
0.0568375909709
0.0374257281264
0.0290638768319
0.0236424106309
0.052435184756
0.0267960063947
0.0272504162526
0.0305594512754
0.0379960400887
0.0498608585121
0.0203729073693
0.0399192749664
0.0248561569501
0.0199787837243
0.0392503937117
0.084123300931
0.0411611099527
0.0213662020176
0.0471534795599
0.0480626380128
0.0250920979362
0.0318253971914
0.0273234898658
0.0428826433881
0.040770540971
0.0295537343454
0.0395838343971
0.0311336274028
0.0494862841316
0.0595150824271
0.0546043239607
0.0344699985616
0.0345954333715
0.0282747308142
0.0292267968827
0.0227282507637
0.0290883080371
0.0363881159165

0.0389598269578
0.0351443235437
0.0266424913398
0.0579522877027
0.0255112101625
0.0216749879119
0.0465961771704
0.0424772661857
0.0652068618507
0.0536783018379
0.0255695857505
0.0467817793074
0.0235113938774
0.0314523503549
0.0557913555909
0.0207000695343
0.0213949265905
0.0364010302162
0.0393977192797
0.0249096122285
0.0498761082243
0.0388706921458
0.0328507003557
0.0203629066119
0.0595363070845
0.0476032213742
0.0823498281001
0.0399320148866
0.0389321101524
0.0370903255881
0.0470008918017
0.0324979363851
0.0329272100485
0.0308048200449
0.0294848557181
0.031378967223
0.051656441381
0.0555264410779
0.0364758173367
0.0270491954389
0.0309917068331
0.0314645015963
0.0288843315894
0.0409797466847
0.0323845743052
0.0210000491715
0.0359374103985
0.0488022658743
0.0569187130135
0.0405730171087
0.0501438827573
0.032868657863
0.0479584160756
0.0340931269555
0.0308079939947
0.0440908351227
0.0294296555656
0.0340532153808
0.0304829504887
0.0421740033726
0.0357309210098

0.0571346472294
0.0324272227844
0.0468479604556
0.0368011594819
0.032535287769
0.0329458870437
0.0320281510759
0.0294619795589
0.0461233259165
0.0252460127794
0.055709479553
0.0518336440927
0.0333564603958
0.0424536667958
0.0209805300893
0.0302037685122
0.0286231824422
0.0416556210259
0.0279988157097
0.040545533877
0.0258544904379
0.083835808766
0.0516817787655
0.0392841477057
0.0508299261778
0.0221428718648
0.0446211804631
0.0349028946156
0.0255995015808
0.0259355005171
0.0283480970962
0.0427759064801
0.0376490264567
0.0582360168288
0.0269544465577
0.059814059364
0.0349209559193
0.0483781241616
0.041951612901
0.0284887163387
0.0406568686521
0.0651285332877
0.0243888207233
0.0489278317425
0.0402100487827
0.0375552635105
0.0223219493121
0.0591911462691
0.0299252170768
0.0359856133539
0.0262367687122
0.0430328565033
0.028762600065
0.0304225784572
0.0290773137479
0.0469203851899
0.0290814572454
0.0521517275043
0.0286829020039
0.0254011001343
0.0372620462869

0.0344631246311
0.055972170018
0.0650467553439
0.0508537484419
0.0383144295681
0.0410998571345
0.0390704474601
0.0527484399919
0.0320107860039
0.0343548137837
0.0424822734343
0.0362682173485
0.056036240275
0.0245988617112
0.028974343675
0.026250239174
0.0289421264338
0.0301568933708
0.0422947827398
0.0233326550979
0.0583919915777
0.0458840423112
0.0275825459333
0.0275572875385
0.0359730849517
0.0365648050433
0.0299722451181
0.035662676286
0.0851985477203
0.0272381957325
0.0291889716692
0.0278746836048
0.0223162943828
0.028154579838
0.0209527437157
0.0279270055827
0.0483462141945
0.0235288575547
0.0566852060844
0.0241966561623
0.0436462189495
0.0472675408949
0.0523162755053
0.0412237935237
0.0253714051719
0.0321078233955
0.042398067576
0.0511966539396
0.0502461122405
0.0496270182693
0.0286207522296
0.0492203676161
0.0396700629411
0.0426630918363
0.0451119986536
0.0339675275287
0.0528398612037
0.0433539552683
0.0366757360694
0.0304292768152
0.0380719406552

0.0297714799796
0.0462988202606
0.0547187485308
0.029284183768
0.0390543409727
0.0331244169626
0.0476420147653
0.036767919496
0.0427506497456
0.0397792302853
0.0296253425466
0.0218517667799
0.0257312895891
0.0323166470166
0.0416063758504
0.0500291918434
0.0387579946067
0.0324847679481
0.0206327712369
0.0327233237098
0.0250255177811
0.0363803141039
0.0275989809482
0.0566830836277
0.0212264496914
0.0470856142818
0.0490168550007
0.0835837380261
0.0199156374431
0.0401639653862
0.0317206463344
0.0230571517132
0.0304154813561
0.0223904575049
0.0275330694377
0.058361624379
0.0234458572184
0.0355582357343
0.0390837727448
0.0268862019574
0.0229540517443
0.0314341547921
0.0509769211362
0.0324958809139
0.0261094622918
0.0514889316983
0.0567694570708
0.0474271129958
0.0279824137817
0.047593898832
0.0417195225049
0.0277909945173
0.0477751669613
0.0570197834135
0.0308776661041
0.0363629874612
0.0309562396378
0.0673824469647
0.0455090703913
0.0497308997107
0.0397062640337

0.0450904281612
0.0426855611568
0.0273753102091
0.0365190189112
0.049833932666
0.0554590123307
0.0455459410764
0.0328934015924
0.0588791171931
0.0431780690451
0.0274849103868
0.0375920453465
0.0313353788362
0.0334841575663
0.0593174543164
0.0659251904977
0.0359798269519
0.0255754134713
0.0289184412788
0.0306117769165
0.0503002071666
0.0447872753771
0.036613257962
0.0528610266829
0.0283441304282
0.0485317672924
0.0277861648403
0.0244891333285
0.0330330684416
0.0284508083552
0.0203545955613
0.0294160939529
0.0412297117877
0.0275408722982
0.0256407130645
0.0253048800909
0.0383246097855
0.0271097845048
0.0382282311418
0.0552957852141
0.0185275647002
0.0494532104431
0.0822248650245
0.0571306371319
0.0373187698228
0.0511895471515
0.0268554280711
0.0430742907978
0.0407506390252
0.0513004989315
0.0401395594606
0.0319071717943
0.0324701988687
0.0571561829406
0.0410370537331
0.0386562724695
0.0323757929463
0.0533169595072
0.0470783648498
0.0457133053195
0.0386959659464

0.0679172722105
0.044286186292
0.0480924492239
0.0289022635882
0.0487384848928
0.0591011224599
0.0277526210536
0.035997240536
0.0416153314603
0.0246993156438
0.0336845824517
0.049562194499
0.0283357147402
0.0331933630978
0.0324182466126
0.0469015175252
0.0506598217149
0.0449983696868
0.0316625561863
0.0282004733461
0.0426064369649
0.0425068127362
0.0422276349107
0.057319977905
0.0297973684041
0.0249629241592
0.0347485327512
0.0276330342431
0.0386440085862
0.0513343472759
0.0283276389893
0.0485749886573
0.0336302736362
0.0420899435192
0.022249870234
0.0318554788398
0.0357554341155
0.0414448086399
0.0274236358631
0.0340873109586
0.0430257528675
0.0217022202965
0.0212252905022
0.027394797184
0.0288509572484
0.0548672910905
0.0193926008016
0.033480794303
0.0308525633295
0.0575874651317
0.0195633780969
0.0548432205805
0.0523976111861
0.0836152101307
0.0425067781351
0.024850871213
0.02827471298
0.0592389926239
0.0374440787302
0.0241110255196
0.034439571802

0.0555708670317
0.0401936028376
0.0214172601008
0.0409303042589
0.0484649199405
0.0523313356475
0.0304156884652
0.0408161187377
0.0430573236399
0.0454242784116
0.0536106340787
0.0312606794122
0.0368736876505
0.0362963437701
0.0355706260164
0.0421670589255
0.0313183959369
0.0588318293731
0.0301233998229
0.0353034206209
0.0369795669401
0.0371055382923
0.0304030515393
0.0286770113327
0.06471894422
0.0350209146209
0.0275792526904
0.0222189731462
0.0355812209253
0.0380510526894
0.0226717003188
0.0254008041698
0.0438453827131
0.0566480034154
0.0308877467343
0.0482744470941
0.0240488453425
0.0478518697629
0.0239594076312
0.0485918157918
0.0191622024729
0.0250535618779
0.0324805351273
0.0434005386095
0.0572647296388
0.0262800724299
0.0516970068197
0.0469933004027
0.0279691628782
0.0402433720007
0.0401530068459
0.0496929715129
0.0830340970374
0.0251343743287
0.0239108677547
0.0499987160833
0.0358616386799
0.0277528498518
0.0307121622964
0.0309540400549
0.0387212582532

0.035897169319
0.040981826841
0.0257932563463
0.0286536150567
0.0279189428064
0.0421975809516
0.0286660969505
0.0321636260049
0.0400529142221
0.0327481118941
0.0387116423038
0.0331380045324
0.0277867399957
0.049596287033
0.0255605282334
0.025435915305
0.0263921152197
0.018650362664
0.0181114084968
0.0226887839602
0.0368089243989
0.0233396157958
0.018850460318
0.0462057197394
0.0263202957808
0.0578813519331
0.0443797949264
0.0841182421785
0.0341320713603
0.0512262901435
0.0639954601131
0.0480946901321
0.0440484559492
0.0401758301753
0.0596476541933
0.0475588967384
0.0319819747892
0.0522482059463
0.0452409552534
0.0504368872921
0.0333818667105
0.0638068285997
0.049251673753
0.0595221803729
0.0522289444932
0.0385042517892
0.0332105753624
0.0286937613885
0.048296113162
0.0346205200388
0.040771772707
0.0379445573946
0.0239587908718
0.0422435821575
0.0329095784051
0.0240658210872
0.0361089646116
0.0494361190029
0.0578475571519
0.0286286502736
0.0359367689686

0.038063530462
0.0485978518167
0.0516839652303
0.0288209447548
0.0282285299489
0.0482765436596
0.0411532406042
0.0417373686827
0.0478991287787
0.0353093314176
0.0267556390982
0.0446800212227
0.0295821584433
0.0435800178397
0.062252334047
0.0260610994158
0.0302274296943
0.0249621963962
0.044576760266
0.032249098535
0.0240389577567
0.042316824005
0.0302039367091
0.0264400299268
0.0570368107909
0.0389949296012
0.050214748573
0.0540404970208
0.0330329720535
0.0359950191559
0.0244669052427
0.0317497456653
0.0512763015579
0.0505906628239
0.035253237448
0.0349118517264
0.0263561987491
0.0274604222959
0.033839080929
0.0278196993232
0.0394502004407
0.0288717768849
0.0652463910007
0.0259716090859
0.0380758871789
0.0558403940374
0.0261737251049
0.0361464517895
0.0510007744164
0.0223192702924
0.0224510783841
0.0314334720386
0.0359653206433
0.0268690045502
0.0569357968509
0.0282605857935
0.0451132410077
0.0465951147661
0.0827615236571
0.0336114840982
0.0365260612667

0.0465614492463
0.0436872743794
0.0273929772692
0.0301915413537
0.0519001414604
0.0245593956941
0.0340535768852
0.0426094122579
0.0398539464386
0.0508214842656
0.0451855726316
0.0265998603296
0.0290214476293
0.0343151888282
0.0233497550669
0.0488780054491
0.0221478201016
0.0574544383484
0.0375523820957
0.0237972841441
0.0480543521445
0.0510226833665
0.026466304283
0.0264944363322
0.0339467396605
0.0505975800995
0.0255234660461
0.0256557503289
0.0257660702013
0.0292612177318
0.0422858789569
0.0305642233616
0.0407422764154
0.0475280087694
0.025167880211
0.0335815388556
0.0562873171276
0.0419532314655
0.0414625212922
0.0284001755224
0.0228798522197
0.0359168177823
0.0575881063797
0.0296042393365
0.0281756050624
0.02772102651
0.0495330252083
0.0419658323464
0.0356238430287
0.0844126301835
0.0685676140497
0.0429830348176
0.0556462100851
0.0433627393449
0.0318635314786
0.0339191914502
0.0349034436465
0.0383215834324
0.0614398960289
0.0343700232644
0.0384756251114

0.0526526720217
0.0425500834955
0.0486881244091
0.0499231828515
0.0278682873188
0.0419686003306
0.0512061177205
0.0335298037431
0.0300837000556
0.0567178719792
0.0257708465988
0.0364388067375
0.0482113553647
0.0439475715844
0.0412763108313
0.0494422987141
0.0265347249664
0.0563798095957
0.0331565573515
0.0357364752877
0.0819862982112
0.047242028276
0.0352271553492
0.0673320255751
0.0340114136976
0.0325690781737
0.043803568955
0.032153874127
0.0462916308169
0.0583883820009
0.0468806115686
0.0425361450113
0.0556894049207
0.0496668926201
0.0291745113536
0.0377729728093
0.0360806799617
0.0609816434834
0.0348384614522
0.0309331783505
0.0291174581059
0.0386707940673
0.0522070444026
0.0264064909322
0.0281571784016
0.0358458495453
0.0292682008618
0.0360278321918
0.0226547368995
0.0206935422263
0.0185180218883
0.0389610790532
0.0191043365569
0.0261442714819
0.0251523995803
0.0532139380431
0.0317534982658
0.0259358465936
0.0467812376305
0.0248928475613
0.0332579725427

0.0576946337321
0.0326460967208
0.0529852894936
0.0474947811324
0.0349609177837
0.0391377666201
0.0431789267716
0.0269995607128
0.0837378141213
0.0510789310695
0.0284193729551
0.0433715068561
0.0475027553231
0.0355478030425
0.0390587729338
0.0435788960439
0.0501665430558
0.0335144158625
0.0306502730334
0.0258265531288
0.0453643040577
0.0305365147026
0.0515163146099
0.0607390397127
0.0311605495579
0.0303297280265
0.0296646067959
0.0661189976895
0.0212355855415
0.0261896296542
0.0520001692535
0.0285181398605
0.0317514157584
0.0490278725614
0.0329957912861
0.0382900679533
0.0246115407799
0.0212490545795
0.0371614871919
0.0293581769649
0.0185280443379
0.0563259569174
0.0249934070485
0.0392955370427
0.02365064203
0.0356799503798
0.0343087241087
0.0464696350915
0.0463191635051
0.0326612164254
0.0478282652756
0.0423316716083
0.0592435451241
0.0385297461142
0.0347904031327
0.0319754881346
0.0253273849164
0.0272769930206
0.03052554644
0.0255912115088
0.0379398546956

0.0279195669302
0.0304777411299
0.0506486022942
0.053671984511
0.0638528777557
0.0248641447498
0.0301793592441
0.0389854629521
0.0328565871703
0.0222975432504
0.0207931512301
0.0299745116479
0.0257228297792
0.0480296014957
0.0429541128182
0.0266106616082
0.0254923468433
0.038037148261
0.0343794134193
0.0187536381776
0.0245207013859
0.0595115985133
0.0253908472734
0.0345108964034
0.0419598610434
0.0521049121914
0.0241890051413
0.0563079841872
0.0388292046652
0.0233673584261
0.0261503909488
0.057986609181
0.0222999051747
0.0537702338331
0.0373379751979
0.0832989353703
0.0405327794708
0.0365779208796
0.0422104987816
0.0533818411404
0.0491120129871
0.0503588638035
0.037276062916
0.0508080992936
0.0371995239464
0.0486886816097
0.0445968578538
0.0337235048839
0.0433584092084
0.0367411156655
0.0321675674297
0.0373266064924
0.0319340687157
0.0340097838488
0.0264236145956
0.0258701455393
0.0446716539946
0.0586360590013
0.041628681897
0.0297313386593
0.0373271307584

0.0492112016485
0.0362492921932
0.0539887908212
0.0277666706955
0.0365764440233
0.0276741903003
0.0324491549236
0.0558906742665
0.0507323159561
0.0323830140865
0.0484344614591
0.0204385271322
0.0285616362422
0.0263812690755
0.0570654320121
0.0395951585027
0.0580922874439
0.0496639467816
0.0444639092465
0.0498639811107
0.0380704932387
0.0358794573301
0.0489156615068
0.0291313750525
0.0256474395181
0.0479494798395
0.0274777512765
0.0421326920576
0.0308748038474
0.0259028564268
0.0377850537704
0.0331890811136
0.0438497821028
0.0254247657
0.0339320952608
0.0272999146764
0.0398465727513
0.0563671024263
0.0403618180231
0.0312590721763
0.025989991916
0.0269693574416
0.0569789083356
0.0494696000692
0.0208820847695
0.0333484947864
0.0272682414734
0.0342767023138
0.0201474529348
0.039901379281
0.0255980954051
0.0660717767983
0.0442799464832
0.0414724395942
0.0261983704392
0.0328257495105
0.0280765619563
0.041842111712
0.0228599159316
0.0825014963798
0.0360366585489

0.0567706285323
0.0503320011661
0.0423088928674
0.0272114181998
0.0429367980235
0.0587468568242
0.0264522009482
0.0414780115852
0.0271774747788
0.0313255729151
0.0271307619317
0.0445837764895
0.0665355077672
0.0377521921189
0.0338187982474
0.03165375948
0.0393488009838
0.0563198186142
0.0346594605557
0.0400416094754
0.0277356414354
0.0439647849553
0.0260837334295
0.0245321730732
0.0274668527734
0.0249430311318
0.0270873113644
0.0321891065423
0.0529718548152
0.0222002432034
0.0403704700931
0.0324978302071
0.0249835431964
0.0482329567445
0.0269162340417
0.0508326573046
0.0223281041849
0.0378728425961
0.0491465170336
0.0303163461388
0.0269856654746
0.0258107720225
0.0313853617813
0.051090462803
0.0405222526439
0.0837684475047
0.036769487977
0.029252573396
0.0317216335134
0.0499918807641
0.0481926666687
0.043856275304
0.0359907130943
0.0527204659147
0.0359748277312
0.0309116176911
0.0635566229021
0.0287592589996
0.0578082801281
0.0501485136466
0.0407007658263

0.0347127479714
0.0603320516681
0.0538352115758
0.0326322102608
0.0360377822915
0.056935802592
0.0588721324436
0.0507515534213
0.0444275508699
0.0257854650603
0.029241198882
0.042545713789
0.0376116818847
0.0245760515653
0.044809170718
0.0283648642432
0.0390923044777
0.0358708134025
0.0482568675817
0.0283206474588
0.0352834543122
0.0290189181368
0.0252872309555
0.0480117821381
0.0410995078964
0.0504436108192
0.0236471999887
0.0343784510754
0.0419843767232
0.0318457919795
0.0312008995593
0.0669463552641
0.0302180541752
0.0298539812035
0.0218495382931
0.0286394334562
0.026285790202
0.0827876541124
0.049262527034
0.0399182125323
0.0324279215313
0.0271971472455
0.0238882913887
0.0591468081399
0.0359328179367
0.0347969676561
0.0202942293583
0.051445831402
0.0310131626195
0.0564340573921
0.0346349253474
0.0245784247979
0.0511402888244
0.0513603151978
0.0289302058094
0.0343497324984
0.0351307587122
0.0423892768767
0.0418530642248
0.0448796459573
0.0355703000639

0.0254684583337
0.0276357623191
0.046308101666
0.0220971542701
0.0395746601884
0.0326535701336
0.0555842972189
0.0528935923205
0.057758658132
0.0323310863173
0.0250741177885
0.0356445674654
0.0410129760344
0.0409463623931
0.0828642138212
0.0295031337696
0.0360579369951
0.0335554801396
0.0613415111295
0.0422876974428
0.0316675798705
0.0339591780785
0.0305395031998
0.0431495305766
0.0657678006495
0.0429183738612
0.0258851977832
0.0535987983593
0.0225034130932
0.0288046645656
0.0275979512094
0.0293459338556
0.0484801189145
0.0279299094766
0.0426956324829
0.0259307648896
0.0560379147009
0.0274357856229
0.0474485670984
0.0211822200957
0.0218754371416
0.0245527549973
0.0311239857602
0.0306855734299
0.0208459638124
0.0228566121179
0.0395482981997
0.0348263736405
0.0391111783701
0.0274519774056
0.0489964569165
0.0335815186188
0.0502619031986
0.0524584457064
0.0265123791495
0.0361326364014
0.0409203757484
0.0509499770627
0.0516725700492
0.0418027877974
0.03875558114

0.0577386248077
0.0451931093678
0.0523338651794
0.0360247228464
0.0312822083201
0.0423145605919
0.0508168644776
0.0356299831235
0.0346294471533
0.0520340145031
0.0321305394561
0.0405947598935
0.038803299189
0.0431806372174
0.0383666195134
0.0351515908079
0.0415113079131
0.0404217651078
0.051212269881
0.0301358108261
0.0307511236314
0.0236032447967
0.0347729405882
0.0514778941142
0.0276441510134
0.0260162363731
0.0505404017588
0.0303604756558
0.0548512241781
0.0433595047612
0.0240670617279
0.0393461688177
0.0331859456683
0.028938829538
0.0556766377098
0.027111722295
0.0324179580449
0.0314130410336
0.0404022169036
0.0642184818237
0.0251102825287
0.0416856689657
0.0223714437736
0.033462547381
0.0332734134864
0.0531401612234
0.0593642584687
0.0512418647888
0.0568592630954
0.0412467374701
0.0255207872124
0.0252557694311
0.0277154983835
0.0415763533134
0.027875988034
0.0302981540766
0.0481802835863
0.0830825926839
0.0236789252391
0.0489789236881
0.0365073168367

0.0297907591358
0.0330706264987
0.0483559928459
0.0333544410468
0.0333638740626
0.0256058068649
0.0234327556287
0.0244525581474
0.0550640623482
0.0233826884652
0.0214683702101
0.0353024732285
0.0330406369975
0.0221994534085
0.0277593452396
0.0263999978998
0.0209738069693
0.0504848319045
0.0581048149689
0.0256842237027
0.0245855470933
0.046085072928
0.0539620118222
0.0418237962223
0.0261240201797
0.0230982058163
0.057269313489
0.0438424180675
0.0318396725137
0.0490852453705
0.048025568062
0.0274370535565
0.0291385344069
0.0265952886328
0.0645547796794
0.0422489078806
0.0291335715061
0.0423002900342
0.0319619176233
0.0414081804906
0.0418401497717
0.0393044070687
0.0302433215321
0.0822829103408
0.0288313614747
0.0411228119417
0.0370990376898
0.0299643394647
0.0397704124914
0.0373739691203
0.0448521200174
0.0495877798589
0.0573191445694
0.0573809775642
0.0442081402179
0.028657926531
0.0422296734552
0.0541156420761
0.0376068550733
0.0425385433058
0.0387566087728

0.0523545972006
0.0288343048934
0.0269128187059
0.0302038010249
0.0293879596832
0.0281100578237
0.0495258265708
0.0302503139701
0.0401481932047
0.0830939535011
0.0491026064062
0.0280223427055
0.0346897165322
0.03563266253
0.0390806184855
0.0286391001342
0.0281283428064
0.0304218344475
0.0232114841983
0.0487890734292
0.0591409686658
0.0235195709748
0.0322326596268
0.0415791857953
0.0421596649586
0.0288246382326
0.0274125891153
0.0335436141102
0.0477062969606
0.0224947253002
0.0541495409775
0.0391126202702
0.0415290024917
0.0649603447105
0.0280551406729
0.0343411681943
0.0362942643125
0.0217680885263
0.0252066576575
0.0537190711031
0.0211774759648
0.026023687197
0.0416440357066
0.0475769111192
0.0300471613708
0.0445387322194
0.0451468994627
0.0363992942171
0.0442429493135
0.0334687359365
0.0407457946154
0.031829274162
0.0562558746144
0.0598993594669
0.0397984971916
0.0596523983031
0.0318709101367
0.0548229423564
0.0365784517082
0.0285094533955
0.0391760514268

0.032319681417
0.0669266652698
0.0371402037119
0.046982564405
0.032916714508
0.0272575192906
0.0512133682437
0.0275636665939
0.0343499580536
0.049617646023
0.0616362634071
0.044478392819
0.0292557780832
0.0305135764713
0.0328874992406
0.0331638103902
0.0515946642734
0.0271643194249
0.0387647523904
0.0564338451877
0.0535253919428
0.0409254432284
0.0229762413855
0.0401474892183
0.02879793852
0.0441141904095
0.0279416365947
0.0485777942644
0.0246306719631
0.0438746950499
0.0213049239631
0.0384055496937
0.0360547997288
0.0267763044138
0.0326377405818
0.0262261320472
0.0333896021486
0.0268290126664
0.0525378163135
0.0501026676354
0.021866118428
0.0234857660715
0.0327353294229
0.0570212378376
0.0264599816302
0.0278441012718
0.0284263310698
0.0390730033141
0.0188897783082
0.0840363193842
0.0394595576557
0.0571843071388
0.0349715526679
0.0422919585698
0.0344483542541
0.0486321637044
0.0522510189674
0.037962940913
0.0430535148201
0.0347501679683
0.0398974137234

0.0485883862455
0.0552915609116
0.0673109398109
0.0380876572864
0.0308163153554
0.0540196481491
0.029456416742
0.0347853999545
0.0479142117025
0.0308506039056
0.0429008749494
0.0310715508844
0.0253909958533
0.0493031750634
0.0489930862031
0.0276856111007
0.0259471646594
0.0421085514525
0.0215025121787
0.0282737784159
0.0372919776244
0.0521480615871
0.0271853001642
0.0338934265903
0.0455595406564
0.0320758657275
0.0824090588252
0.0245822093006
0.0299925243274
0.0287012657222
0.0341128562762
0.0417969678118
0.0242042209976
0.0516795776879
0.0617464359938
0.0412133514871
0.0399190806528
0.0306993256801
0.0294228162719
0.0263901673087
0.0378562406245
0.0352299177514
0.0295968832452
0.0289641245301
0.0273273497928
0.0475987819196
0.0414941925894
0.0273559523161
0.0498076623078
0.0355282077342
0.0583212674724
0.0372029797064
0.0452653643106
0.0593279769625
0.0423240717924
0.042623021894
0.0344340244455
0.0293583492321
0.0213237439977
0.058282207073
0.0372446562437

