6875829786.62
2032016414.01
22.3419332105
3.05149991028
0.255200386693
0.158571707814
0.161101885091
0.154503285491
0.171654172749
0.174274497594
0.167712378114
0.184077419757
0.173541037523
0.186177269128
0.180110369967
0.195599624338
0.168945805516
0.18559218196
0.184003801228
0.167370285296
0.177035885565
0.179054261551
0.16833236305
0.177075224108
0.151969395174
0.163057675721
0.171873712416
0.152356133601
0.167703711204
0.151270453342
0.136987297772
0.138052359857
0.140182822086
0.114199428672
0.133527973543
0.135713578396
0.124175516865
0.120492719652
0.107339532438
0.101087100898
0.0954280769169
0.101863744299
0.0915406487132
0.0840179842207
0.0927022618083
0.0741941078892
0.0722819602846
0.066825252609
0.0658742613973
0.0633050051645
0.0529103155788
0.0533687358825
0.0523663336054
0.0513430388237
0.0519436854974
0.0585373471293
0.0741579143753
0.0711473595962
0.0590768436094
0.0449031950824
0.050817633696

0.0998120350851
0.0508158880814
0.0366433427063
0.0571488733748
0.0429110028766
0.0371097861758
0.0365905344512
0.0342488731407
0.0482981125569
0.0309930152887
0.0343093008593
0.0274664539378
0.041877379036
0.0362380542203
0.0625419369111
0.0528670372129
0.0298888422123
0.0229913048018
0.0557683478631
0.0290481824415
0.0300446651182
0.0240921872287
0.0526774628992
0.0423324365182
0.0335511098738
0.0314090385244
0.0278551999764
0.0470886469334
0.0462383874173
0.0546385884801
0.0263275058216
0.0255356974486
0.0256657147954
0.0326866161189
0.0357622853688
0.052229084207
0.0593340185807
0.0413993547958
0.0589488214021
0.0670718132037
0.0325699215839
0.0378254637008
0.0375846254034
0.050524881215
0.0495781476126
0.055033135687
0.0450991465156
0.0379280263873
0.0345121991045
0.0298484559416
0.0334243754461
0.0323180423016
0.0526084942484
0.0451021502939
0.0349334950574
0.0575812218005
0.0349165336107
0.0442560904399
0.0402814401658
0.0478916217036
0.0386209737034

0.0392486967511
0.0296915654835
0.0447596483413
0.0297086873346
0.0340437233976
0.0424170789188
0.0345703470439
0.0605996932364
0.0376799333746
0.0214785695637
0.0323477367323
0.0236696606479
0.0280917664198
0.0466144184129
0.0350949608036
0.0450708278962
0.0386808838912
0.0466547872005
0.0482631791115
0.0231941478342
0.0262123232084
0.0314840960617
0.0307579510349
0.049827312082
0.0474939346992
0.0300041308131
0.0285381095497
0.0366794195533
0.0231593382459
0.0289821113441
0.02971005993
0.0605977762861
0.0618257209197
0.0616622118429
0.0360234958038
0.0282872029284
0.0514237962391
0.0442609368157
0.0286204582749
0.0268163009879
0.0525295576112
0.0225324992735
0.0266265656485
0.0366992484947
0.0559913904587
0.0484949179573
0.0286115167807
0.041672980019
0.0437433179883
0.0363779634931
0.0324244483323
0.0858303494736
0.0646069834531
0.039168130653
0.0448530463171
0.0363221720733
0.0323184677671
0.053933446925
0.0536143132217
0.0376272851476
0.0380811410673

0.0441731787716
0.0466794237803
0.0302548079431
0.0407008530831
0.0254351541975
0.0804420561826
0.0591202951147
0.033048921856
0.0390568920033
0.0463025241345
0.0615610537356
0.0449498771553
0.0344402304301
0.056983887651
0.0372565733903
0.0442422343239
0.0556408536225
0.0395227284079
0.0423898692122
0.0357077385446
0.035865288733
0.0443143833189
0.0534380551049
0.0633628507475
0.0539883875305
0.031762916891
0.0535268483927
0.0331352600532
0.0516112621982
0.0336348631414
0.0399439515479
0.0508769213356
0.0322699394432
0.027962982462
0.0320447133102
0.0295539531673
0.027193447233
0.029654785119
0.0696120329235
0.0320770227807
0.0262003565441
0.0446352847631
0.0418718697544
0.0349051954043
0.0328852539278
0.0401647113649
0.0407885328929
0.0328399641552
0.0278613350485
0.0212468392018
0.0318797687639
0.0470964287972
0.03655602684
0.0279664877774
0.0252835516581
0.0526520712853
0.0263411495685
0.0594438268311
0.0408583030888
0.022654325235
0.034529850083

0.0268479468248
0.0228068415601
0.0500602719644
0.0442333024709
0.036234804477
0.0261026410159
0.0244778972223
0.0348227948709
0.0255439613489
0.062118036216
0.0493043304565
0.0309933183431
0.0305137920976
0.0402107765743
0.0273861100379
0.0495082164884
0.0402813044554
0.0264327880518
0.0423140773234
0.0573070427599
0.0289532981085
0.0489720282062
0.0378109926651
0.0329340252882
0.029943092545
0.0290766878411
0.0402699794972
0.0326932496741
0.0273820883026
0.0264505094665
0.0658474552307
0.0305969147441
0.0616792551811
0.0419638511686
0.0445677409108
0.0358646446129
0.0417592478001
0.0289325620789
0.0494939193377
0.0524975728857
0.034600504211
0.0356233683163
0.0611410383091
0.0271186702763
0.0271505329412
0.0283148152372
0.03371816297
0.0439887658451
0.0332584094736
0.0412768051339
0.0230810467916
0.0522984932702
0.0830656634653
0.0490023640016
0.0342705045714
0.0261782925726
0.0268092480241
0.0430951181218
0.0460809476809
0.0595237788997
0.0367118594651

0.026757197299
0.0345006719213
0.0287555037539
0.0431127998073
0.0248444976532
0.0325843193052
0.0564086999945
0.0594832410749
0.0500087391841
0.0551129509233
0.0532619820476
0.0382692015703
0.031600831477
0.0491997506583
0.0314568857537
0.0333394430736
0.0287825725042
0.0337517058565
0.0296564119531
0.0230711296479
0.0350931687682
0.0256247970742
0.0589719608508
0.0206275423267
0.0359854999155
0.0282902024991
0.0502151852478
0.0329661591615
0.0648176085105
0.0255584651679
0.0403813430487
0.0498371704517
0.0327338653155
0.0565710059003
0.0219442276326
0.0281522207301
0.037729503534
0.0309774901741
0.0305325784099
0.0298367551964
0.0383597988977
0.0429945918048
0.0348408511109
0.0239067897471
0.0254463940791
0.0348276613175
0.0809111092798
0.0406494568794
0.0444421935863
0.0300339669615
0.0491848894775
0.0512313333627
0.0292818471113
0.0458171009611
0.0496116729094
0.050775707347
0.0444223871826
0.0495442079211
0.0416199001332
0.0469580890395
0.0429981146205

0.029974858553
0.0581051116184
0.0464314861413
0.0353593657523
0.039970000042
0.0560538032587
0.0335209464126
0.065676439337
0.0417712457246
0.045981037609
0.0423650976056
0.0443619098572
0.0263932311823
0.0299184915989
0.0448266726175
0.0394827915196
0.0356154958286
0.0292066471316
0.0536172665887
0.0355563167418
0.0583776582082
0.0530787097604
0.0539972083066
0.0610171913923
0.0430692384034
0.0304977634052
0.0459167033992
0.0417478445347
0.049578089734
0.0282234953691
0.0249768803796
0.0297154190445
0.0684085212753
0.0383102504811
0.029973731366
0.0314588679605
0.0527730534871
0.0467427323708
0.02528756594
0.0233063982197
0.0331331641465
0.057459518691
0.0384759025041
0.0326444150293
0.0315230646281
0.0289151546168
0.0848285752954
0.040697653911
0.0480306113914
0.0296317953228
0.0282614901151
0.0253507603717
0.0439577273156
0.0241744898363
0.0552571181812
0.0292550565875
0.0286021656851
0.0463312441151
0.0390690333512
0.0291071296907
0.0362955662126

0.0592701683647
0.0231482146159
0.0310747941697
0.0468261722302
0.0277868705569
0.0599717776903
0.0358197879965
0.0285609528873
0.0232519414369
0.0417861918994
0.0408169921511
0.0327934290663
0.0507259136174
0.0344234966221
0.0440937340947
0.0299152352953
0.0301594464965
0.0213164890204
0.0412407765374
0.035858088215
0.0380679376099
0.0354221806934
0.0353251540259
0.0496824446142
0.0288298374412
0.0429204219161
0.0302507852732
0.0422676941103
0.0510199802526
0.0241582350059
0.0287632728734
0.0495221344397
0.044986371979
0.0436890647212
0.0249206850105
0.0285739942884
0.0354028290469
0.0373979155035
0.0395304662637
0.0592705728694
0.0508882372308
0.054032650948
0.0439652629107
0.0312366644113
0.0590757088495
0.0317576034992
0.0316337924577
0.0556732776923
0.030615577135
0.0444004635746
0.0297058264967
0.035441068972
0.027096168102
0.0272717769489
0.0647737901617
0.052025076645
0.0331753412314
0.0845453967362
0.0605566096995
0.0285194371645
0.0360929445725

0.0584615854934
0.0461004805521
0.0323024890299
0.0285087900651
0.0532319210129
0.0282720320412
0.0289148980895
0.0427949293323
0.0260682978414
0.0367909931972
0.0277592286219
0.0467514439104
0.0551316302891
0.0497083456571
0.0288465573001
0.0287879502772
0.0222387770006
0.0328954310478
0.0253423324043
0.0633307840996
0.0237232127077
0.0268752503949
0.026693843184
0.025273957032
0.020239265306
0.0380865667546
0.0233743429671
0.0392045396734
0.0228001372283
0.0272471426301
0.047791612682
0.0431926231227
0.0203344732823
0.0313771714213
0.0337165186926
0.0448578128802
0.04799877401
0.0308108795497
0.0262919133908
0.0400643361891
0.0311826671162
0.0503083112433
0.047983264092
0.0500941100438
0.0467896669634
0.0413597093539
0.0277216676713
0.0866571776866
0.0347693954138
0.0549927847619
0.0603632758802
0.0309597135488
0.0626779731307
0.0665395159735
0.0513903075071
0.0481006906396
0.0422006641698
0.041571332729
0.0444685150474
0.0386343227944
0.043494237729

0.0370911349901
0.0395726429507
0.0515218026429
0.0349172504212
0.0336703109003
0.0365000848325
0.0425583063394
0.0507846666851
0.0337624803799
0.0380734141431
0.0252498839348
0.0274532455904
0.0587954195159
0.0527141746443
0.0494859924197
0.0579833917418
0.0426279317741
0.030352168185
0.0849782909031
0.0377089141204
0.0279252575244
0.0299274654651
0.0551817807245
0.0387279473073
0.0353953103899
0.0514788563817
0.044328412045
0.0472314457481
0.0307513338398
0.0324502845007
0.0587428069359
0.0346804609347
0.0467578030008
0.0601658778772
0.0304669940747
0.0532051581026
0.0432377557948
0.0313997280881
0.0256146659055
0.0595918752011
0.0380102932502
0.0259233963751
0.0328040762187
0.0306310844911
0.0419318706004
0.0212415758505
0.0414784928122
0.0514535851444
0.0447178930449
0.0483065467236
0.0456498069853
0.036412894144
0.0646108166141
0.0310126373835
0.0337802693744
0.0274517538587
0.0342901920595
0.0516028016359
0.0338935359777
0.0225713629798
0.037392341629

0.0264208656947
0.0345284696687
0.0451239979512
0.0306951197605
0.0299888346691
0.0377271976826
0.0240595848267
0.0246124987436
0.0272534476549
0.0266373184449
0.0359454053193
0.02669053433
0.0454514164879
0.0229071654909
0.0277804793327
0.0485612177275
0.0403415750981
0.0381235913848
0.0209748995589
0.0484169801501
0.031678352634
0.0501753232506
0.0368113803015
0.0601087303388
0.022458283154
0.0240545380373
0.0276971783906
0.0647968743086
0.0568838098519
0.0592518440193
0.0453210990225
0.0386437559677
0.0560549101123
0.0607919386245
0.0327417110992
0.0589259935369
0.0482708183622
0.0511940597005
0.0469975851422
0.0463460172944
0.0359818516159
0.0335641418466
0.0467264959088
0.0351612014043
0.0426378397209
0.0493282182356
0.0396478392138
0.0289919705008
0.0353593186791
0.0440152587638
0.0397514523799
0.0844746425468
0.0274242587584
0.033013523621
0.0585829617196
0.0311328068708
0.0368788084536
0.0362510467818
0.030180381555
0.0484874639685
0.038685892157

0.0608729929232
0.0380289938041
0.0308111221727
0.0518741598646
0.0391153766061
0.029835432038
0.059446051683
0.0281712990798
0.0267550136534
0.0319007512714
0.042235242163
0.0272683988971
0.0232238800762
0.0496897665862
0.0437546047295
0.0847036616438
0.0261489636487
0.0401010195345
0.0245980775779
0.0655819571821
0.0285070751394
0.0261442609409
0.037075815116
0.0432099560234
0.0349110469822
0.0524509138347
0.0308884415506
0.0529357252544
0.0337539899423
0.0547043540621
0.0308277590791
0.0314105035222
0.049754874297
0.0393176077963
0.0228875523952
0.0444501400618
0.0417712336402
0.0263732764173
0.0399354336979
0.029329353887
0.0333264939014
0.0416582830426
0.0332069764803
0.022333961154
0.0568247307687
0.0496693596616
0.0588335864205
0.0241823449218
0.0399996814527
0.0323058171652
0.0397608208664
0.044275294192
0.0373000170915
0.0346932623115
0.0301293989552
0.0476026568328
0.0464352909313
0.0326229036394
0.057871227925
0.05168541001
0.0386691430735

0.044133927801
0.03234435599
0.0667964816686
0.0306111881397
0.0294271881989
0.0565981745406
0.0269313433102
0.0372904844607
0.0538451985588
0.0604578678333
0.0629094320563
0.0235253252317
0.0456092277742
0.0437519517384
0.0273726504609
0.0300826162008
0.0852036983876
0.0369328692402
0.0458015661474
0.0495330062474
0.0343722373357
0.0401139055214
0.0559299224702
0.0464296011977
0.0443914790295
0.0513205774112
0.04096021846
0.0465080183982
0.0570897237083
0.0280658766752
0.0272429978609
0.0357503135794
0.0372272013231
0.06267789278
0.032732664383
0.0299520876748
0.0269391419136
0.0301863893865
0.0235093589476
0.0228160531223
0.0354212543964
0.04951608821
0.0296018563175
0.0413506333684
0.0343835808603
0.0513749017755
0.0508125172633
0.0240464815017
0.0312295696808
0.0283159574676
0.0437101167808
0.0331867654816
0.0256184213585
0.0354582254036
0.0496868089428
0.0268752480508
0.054836245906
0.0341028282936
0.0432820939362
0.031600962799
0.0370845297034

0.0266533987988
0.0423209888952
0.0401248236591
0.0458175991281
0.0258746327131
0.0471602873242
0.0263913461856
0.0415200275928
0.0511417199417
0.0311776750095
0.0417866481077
0.0415689945064
0.0491301221007
0.039360753281
0.059215122743
0.0261830786834
0.0301369724787
0.043869993538
0.0311419219541
0.0330561559824
0.0499097557958
0.0520166633084
0.0394340491307
0.0297295329722
0.02562167015
0.0352732322416
0.0445069738949
0.0233339492226
0.0290768462574
0.0589098837651
0.0258227483432
0.027167065859
0.0339652598837
0.0317369381775
0.0338363611398
0.0510145477639
0.0597705403594
0.0649918821046
0.0217172107268
0.0268405384588
0.0272427547568
0.0353907034576
0.0292137170626
0.0320716005018
0.0269374259088
0.0573922312104
0.0211214548599
0.0412365790529
0.0377118271308
0.0262937458054
0.0363419297277
0.0340191717954
0.0463586196606
0.0436167351191
0.0346340443691
0.08630179703
0.0588994376132
0.0529347504612
0.0498855183836
0.0307677206439
0.0415598355457

0.0414332383076
0.0584307361622
0.0312150691249
0.0399080864419
0.047604738625
0.0544175690401
0.0537942448728
0.0666911453077
0.0440118218196
0.049607924284
0.0274502633141
0.0405907353178
0.0465769584562
0.0332568740212
0.0257922485141
0.0252736400476
0.0340865262822
0.0674882180605
0.0353788609159
0.0323271409891
0.0448168950427
0.0305136760001
0.0472217036492
0.0414067894139
0.0326010131085
0.0314281401433
0.0379707159603
0.0252622863516
0.053788474356
0.0243478048806
0.0376609865499
0.0340295625221
0.0404685353771
0.0362356796711
0.0299237827467
0.0392809895307
0.0596601680251
0.0623210604123
0.0601423732214
0.0462070656006
0.0561547765389
0.0336867855029
0.0343315713099
0.0272275459672
0.0325682022597
0.0331982851392
0.0853678756556
0.0465455595326
0.0338857166091
0.0296161551018
0.0447938077819
0.0316951881075
0.0453306204472
0.0345667762687
0.0275238933071
0.0515581214094
0.0506570201354
0.0284637096505
0.0238192523885
0.0538399180696
0.0369971441642

0.0244320800761
0.053307243358
0.0500711789018
0.0815645177941
0.0307739149891
0.0420890864799
0.0365428614728
0.0595043678414
0.0532432669216
0.0294096921781
0.0482955140296
0.0363111304705
0.0390770981084
0.0406057088118
0.029659587356
0.0434464070526
0.0518318118324
0.0464948513119
0.0501018285514
0.0398030476811
0.051940662866
0.0522428120229
0.0283997495713
0.0317802176783
0.0423709326733
0.0340529371982
0.0309196065117
0.0303462495192
0.0520029653071
0.0291717136148
0.024486243033
0.0409706555449
0.0281637456989
0.0240658131983
0.0265457910248
0.0588380559309
0.0344215410369
0.0440120649959
0.0412081089789
0.050951057786
0.0331425559642
0.0252175415795
0.0407177919899
0.0311434698204
0.0245986824505
0.0581925524653
0.0218424814698
0.0268208288174
0.0435067008637
0.0216711716541
0.0318344810906
0.0348142682819
0.0317179842394
0.0263388642774
0.040891962406
0.0328838891163
0.0266130724001
0.0590269278832
0.0512055721491
0.0646281752063
0.0360892482151

0.0565789550939
0.0484942210289
0.0542310577049
0.0500201509089
0.0358237596942
0.0278209960672
0.0418653777985
0.0321114721726
0.0376746398253
0.0470263174
0.0440043207259
0.0345471727085
0.0287063603845
0.0398935475794
0.0472947309477
0.0254634386645
0.0283545828971
0.0245658874363
0.0376909067422
0.0219178434314
0.0432701577304
0.0286178887267
0.0307837205605
0.0366014260262
0.0400871253447
0.0320754362192
0.019681219928
0.049947206776
0.0389766267921
0.0319127197795
0.0252283624262
0.0199208834945
0.0298957115399
0.0837283821437
0.0250639135097
0.0216969771815
0.0246399254681
0.0259517865838
0.0507772875701
0.0482660621948
0.0512293683198
0.0287939104585
0.0485051773069
0.0607840627336
0.0546803881951
0.0321934404396
0.0405716832357
0.0385615298439
0.0335651887176
0.032713099488
0.0684142405094
0.0360955715113
0.0582032828025
0.0411219686385
0.0438680855693
0.0298468552558
0.0467017919538
0.0450873243735
0.0584098046682
0.0410519095821
0.0383604458234

0.0532841299189
0.0527546461047
0.0315981511981
0.0442697917514
0.0352155618971
0.0309895400372
0.0575712155258
0.0295330378822
0.0517325939434
0.0494146770524
0.0474121195434
0.0305927327215
0.0282700900426
0.0376643748758
0.028923624233
0.0322039028592
0.026428668788
0.04434097463
0.0289575525335
0.0840862964646
0.0311240248126
0.0406069183464
0.0265297086084
0.0524438879045
0.0568541036537
0.0419520968158
0.0418061569992
0.0358516593312
0.0290734627178
0.0310290893954
0.0284788065508
0.0451534231953
0.0487074240183
0.021879666926
0.035250119991
0.0665092110229
0.0603226500813
0.0368486711093
0.0393974828982
0.0336710167333
0.0587360836007
0.0259946491098
0.0415738193752
0.0259865406778
0.0552527647117
0.0311101241485
0.0365126083368
0.0517075203791
0.0275238511785
0.0305177796355
0.0401318506902
0.0494423673247
0.0297814699956
0.0361361883384
0.026027103817
0.0310705900704
0.0466343208194
0.0424542462227
0.0403791539587
0.0339082259835
0.0358981917742

0.0264339138266
0.0584435957694
0.0413648234557
0.0340138107258
0.0407500700728
0.0309320109094
0.0377948480255
0.0333635995711
0.0304073908137
0.0487589139107
0.0385298577628
0.0425191762351
0.0269498183227
0.0267798438914
0.0486525800597
0.0492177543559
0.0282048076482
0.0270270798537
0.026518689099
0.0248504602744
0.0348995474247
0.0244605624966
0.0426321777733
0.0288179627985
0.0400718531328
0.0550241300135
0.0411999313364
0.0670683724243
0.0455791833915
0.0560249654215
0.0249019338851
0.057916186933
0.0379780813762
0.0571062787028
0.0286667709952
0.0459008527873
0.0288698482454
0.0289881556342
0.0489361105214
0.0332122286775
0.0330352031283
0.0259760680567
0.0585202639107
0.0419198502373
0.0614054404336
0.0399475078147
0.033010572243
0.0330891596291
0.0422501639313
0.025798437396
0.0475375054486
0.0487221408897
0.0345745154211
0.0367329777276
0.0400980532145
0.0279464947459
0.0343915130085
0.0324664112784
0.0523842672686
0.0837143928651
0.0353874703073

0.0376853865656
0.0345259829821
0.0269209126352
0.0253433112517
0.0245218219829
0.0488252953289
0.0508386998152
0.0574044137556
0.0296477716707
0.043844289331
0.0260849973542
0.0300599965329
0.0312139830348
0.0635290767632
0.0469954278691
0.0325449204054
0.0812822542973
0.0444593986406
0.0342418637568
0.0376751088369
0.0519204479698
0.0427195570959
0.0243285896437
0.0300692551994
0.0420115007763
0.0661231415171
0.0266261762013
0.0278476298696
0.0276346930088
0.0345656626228
0.0443652005155
0.0303370270478
0.0523425591806
0.0417510671648
0.0428348895305
0.0291753723079
0.051206606888
0.0443536399175
0.035017910463
0.0356835187574
0.0296959539198
0.0303273622178
0.0261893880008
0.038541794073
0.0596147699941
0.0290667365787
0.0520049930595
0.0469187303986
0.032228790746
0.0515901308798
0.0526829488239
0.0431965961358
0.0345312228518
0.0585048307087
0.0427460394876
0.0334509371631
0.0256596990231
0.0326072444557
0.0349024215354
0.0511260532908
0.03680975394

0.0400540590138
0.0297071205393
0.0666983869525
0.0336925873943
0.0401653224073
0.042418689001
0.0497129468083
0.0381237893374
0.043921379402
0.0518478477106
0.0397038382308
0.0296489226924
0.0601738799864
0.0411220024212
0.0553898783162
0.0321173167482
0.0265899018935
0.0604698239763
0.0336499061499
0.025771005254
0.0300331628146
0.0500703698252
0.0363004475404
0.0366889937624
0.0285992813084
0.0343219605973
0.0266271433991
0.0408183836243
0.0353955735967
0.0259570421238
0.0422800919232
0.0445186020877
0.0263638689575
0.0262160756261
0.0270477081023
0.0280001959345
0.0358259735293
0.0418749204655
0.0513003805479
0.0448578012731
0.0459369293969
0.0290078863042
0.0204020302941
0.0281336923714
0.0530199586469
0.0406474175088
0.0242029909968
0.0845294085085
0.047466031452
0.0241937697796
0.0598723929105
0.0517235322273
0.0343331146395
0.0305759437481
0.0275768893987
0.0337749412226
0.0246179658961
0.0374871682765
0.0534559701843
0.0609007530608
0.0360166525873

0.0320979508023
0.0595722504837
0.0528075047464
0.0398358571799
0.0452939971421
0.0378398236411
0.027423769066
0.0335264243389
0.0338739187294
0.0433684979902
0.0375538900295
0.0442824452428
0.02562895593
0.0515183362491
0.0253041790498
0.0411430343464
0.0324150469189
0.0485305227053
0.0313337530908
0.0345192127936
0.050731225149
0.0453685303659
0.0295657132707
0.0261901186907
0.0832428471667
0.0506867205619
0.0492922572401
0.0553374583765
0.0326445036438
0.0624508351462
0.0283354440383
0.0443616099779
0.0467244505805
0.0313203687697
0.0540582507035
0.0359128962124
0.0607143125495
0.0315639457594
0.0328486060654
0.0452107567312
0.0364580738051
0.036906435368
0.0224257207531
0.0419013353458
0.0660824824731
0.0290993052705
0.0364749395769
0.0434158864098
0.0298739420663
0.0282536632856
0.0248400141624
0.0301267088555
0.0599291214571
0.0353465649393
0.0296917546787
0.0416323486276
0.020109387493
0.0538516310462
0.0230175910655
0.0496924525926
0.0353679786007

0.0344665936606
0.0465031452928
0.0283377239262
0.0247959709853
0.0461108308465
0.0267084523409
0.0264405580916
0.041714872326
0.0277767422079
0.051526583902
0.0425016300309
0.0330459103705
0.0392443138041
0.034804848809
0.0283643137973
0.0318998241299
0.0395324896852
0.0500033225349
0.0353433678206
0.0392667312631
0.0504809520273
0.0636128305215
0.0284018200336
0.0240538377972
0.03987174086
0.0325506376337
0.040594706967
0.0325736223838
0.0249163247732
0.0303510476747
0.060188820957
0.05077802856
0.0276328757842
0.0250390319424
0.0600843631692
0.0471865281587
0.0512831023493
0.0252908580329
0.0307347498815
0.0376507941705
0.0334881590212
0.0285724549541
0.0552837144428
0.0315187816282
0.0279511199243
0.0848029924323
0.0347494225606
0.057537593127
0.0519018556321
0.0562995473972
0.0243045902257
0.0295160670823
0.0417808800737
0.0299950066538
0.0464933590755
0.0485466007459
0.0318018234007
0.0316901889396
0.0424129208523
0.0271082829186
0.0385341433087

0.0298329586611
0.0296213976624
0.0296754941689
0.0280739488617
0.0236101063652
0.0458584961424
0.045927721156
0.0481383445585
0.0594668212088
0.0249168038723
0.0293636521697
0.0573706579539
0.0353006722458
0.0627328353925
0.0237550775474
0.0459697333096
0.0268874940661
0.0559347565926
0.0496772490936
0.0608907019094
0.033932575269
0.0341968874851
0.0435747690459
0.0505796913239
0.0295671385314
0.0504624151728
0.0574739650385
0.0416211329424
0.034814828993
0.0304737639074
0.0296887929282
0.042443854375
0.052878895823
0.0393947075844
0.0368798371142
0.039847704027
0.0401353764988
0.0880383240575
0.0538236254844
0.0377624585594
0.035317125849
0.0529247669842
0.0248223358239
0.0374326356817
0.054595477172
0.0327515216084
0.0439102677973
0.0365902843122
0.0466779283089
0.047485855547
0.0325030766013
0.0460835018828
0.0653530138639
0.0374937788145
0.0369363836609
0.0374663077559
0.0304909372966
0.0269617479459
0.0326951096364
0.0264220849093
0.0366564461168

0.0283309038472
0.0255119355224
0.0410769581957
0.0373292235856
0.0285161808019
0.0282434007864
0.0227716081635
0.0271378032456
0.0421652860969
0.0449477372372
0.0510583959224
0.0205394714838
0.0576155586596
0.0470228834961
0.0299760432258
0.0328800290504
0.0395143048105
0.0601280994432
0.0358548817868
0.0852576149804
0.0328004420678
0.048658601774
0.0314868506509
0.0562003304236
0.0392811177494
0.0336145505248
0.0361316227898
0.0314385115729
0.0289280192263
0.0395712298789
0.0510284464693
0.0267355562025
0.0427889207249
0.0335085778454
0.0418542908182
0.0540950574283
0.0572086834565
0.0406750968517
0.0367365683247
0.0521789104468
0.026422459826
0.0464550443897
0.0519680166971
0.0425383586803
0.0272939893917
0.0392327895188
0.058505313867
0.0339729190198
0.0426416830507
0.0697971928973
0.0366421557905
0.0347419783418
0.0271282963854
0.0486909632595
0.0287681508262
0.0491197462092
0.0340002047677
0.0286848291648
0.0269227754265
0.0573225258282
0.0360392384631

0.0320241845305
0.0390419946356
0.0516571676365
0.0304905067555
0.0258660611245
0.026401911478
0.0487628277433
0.0601293411085
0.0845563744737
0.0469332375097
0.0529008578821
0.0283830313316
0.0461734518218
0.0442891340759
0.0338914076076
0.027280052071
0.0270423307868
0.048543167212
0.0553448121176
0.04194764062
0.0261631028993
0.0314583733335
0.0370923063219
0.0422212072137
0.0297289335425
0.0351677405764
0.0654347555639
0.0227601485503
0.0290395831091
0.0247295703297
0.0276407896944
0.0414371378684
0.0291710413978
0.0426379012475
0.061501905017
0.0416846040327
0.0233000589622
0.0269624414521
0.0275951597448
0.0231645714434
0.0283536789574
0.0437724349532
0.022924402184
0.0571419401554
0.0327679348314
0.0493597395037
0.0439744047399
0.0457352902748
0.0618159945195
0.0412577039071
0.0593871813627
0.0444336961418
0.0413955722334
0.0355804020051
0.0355613503463
0.0489795237433
0.0414620915367
0.0511272355088
0.0548569668308
0.0319114542106
0.0405464821924

0.0432864367605
0.0419663142309
0.0351323091001
0.0637870982095
0.0449654731678
0.0266770538391
0.0516747139377
0.0321096065019
0.0356102370955
0.0400672316111
0.0423524406206
0.0565365789074
0.0295482662911
0.0448684294877
0.0365169012629
0.0453917683413
0.0367756918002
0.0411594517024
0.0376095924518
0.0675540185911
0.0299361488399
0.0250425601202
0.0233277574079
0.0384422975255
0.0329931627348
0.0518027371796
0.0523637611349
0.0267653664013
0.0472402236953
0.0263204018735
0.0305915053849
0.0569119360292
0.0509252301981
0.0242484093943
0.0809450183302
0.031298015891
0.0460186212728
0.0514282526604
0.0278318300164
0.0603155399377
0.0264768730691
0.0514914843222
0.0355882680284
0.0274765912803
0.0510552030081
0.0540026777966
0.0591794989862
0.0321366542495
0.0265391001956
0.0284861803059
0.0301391594563
0.0423509483819
0.0340706809244
0.0295821472506
0.0295819168281
0.0293879894081
0.0402454463156
0.0237606554168
0.0287904790811
0.0310664782705
0.034936970415

0.0500619327256
0.0352686458249
0.0583993892505
0.0355693218673
0.022296810784
0.0273028207661
0.026505925671
0.0223659950951
0.0224464287221
0.0395061557333
0.0321078465322
0.0257564169863
0.0449912900891
0.033420077164
0.0536821041524
0.04783957311
0.0243889894315
0.0836939174878
0.0286584104069
0.0403996826823
0.0399653399731
0.066644528611
0.051364373943
0.029425021517
0.032278303692
0.0451181254558
0.0612290637772
0.0626663585966
0.0492059691464
0.0399250619979
0.0553032254562
0.0434780681992
0.0365239426857
0.0567321910054
0.0306115365796
0.0353430017078
0.0313005799189
0.0500508260923
0.0267219742897
0.0382806706291
0.0315281231613
0.0505834540167
0.0397047927568
0.0576863080987
0.0306284300722
0.0291076489258
0.0473908220914
0.0405715139737
0.033782628738
0.0406895808554
0.0221968751917
0.0289848109847
0.0329200064908
0.0343141446486
0.0329349890407
0.0411707119968
0.0305936867998
0.0591225304136
0.0510771982143
0.0287763215813
0.0392718742231

0.0344222823316
0.0454265826665
0.0405183021185
0.0312076965705
0.055533523127
0.0462537088236
0.0262030880609
0.0279241022167
0.0545493470177
0.0441155240069
0.0291568369148
0.0296282801418
0.0651789757415
0.031543868314
0.045920066173
0.0262156544641
0.0489915793409
0.0216753623752
0.0283423176638
0.0486806237837
0.0425479293802
0.0354171827063
0.0278404949189
0.0531595358015
0.0331322464495
0.0251597921236
0.0427927406883
0.0614994585436
0.0248231057775
0.0317129395605
0.0594281487113
0.0597492067883
0.043995812694
0.0307502383269
0.0612505734222
0.0330490313035
0.03287397411
0.0272029721707
0.0492489607748
0.0381284902097
0.0302039308707
0.0488490467513
0.0248971495905
0.0483190677923
0.0582777062597
0.0360620533605
0.0336643223644
0.0361982013176
0.0382828075451
0.084386211283
0.0421743955218
0.0337123853951
0.0362224254896
0.029070058204
0.0489374151946
0.0434706542474
0.0267212810601
0.0530101113998
0.0304452191021
0.0399450453486
0.0366269302853

0.0448190689818
0.0295935442141
0.0241163378744
0.0233400682851
0.0328325385062
0.0473719518894
0.0575617478169
0.0501519976423
0.0822131926636
0.0296695284613
0.0510094486502
0.0447298908392
0.0449847490414
0.0609439495549
0.0340339197297
0.0474018047778
0.0655784052826
0.0379167929693
0.0347032617231
0.049000221232
0.0559476582219
0.0343398344104
0.0416350200563
0.0394032349335
0.0287554775181
0.0438548579826
0.0368404254563
0.037674139832
0.0400293286446
0.044297920327
0.0525173723629
0.05589053081
0.0462519752122
0.0720439498715
0.0527256348465
0.0339214063492
0.0560857785355
0.0428055567847
0.0340104159909
0.0407882706705
0.0287764439712
0.0270788597728
0.0532272979327
0.0313556598796
0.0368043639905
0.0299440159629
0.0316803256947
0.0395105652907
0.034655700341
0.0261907900172
0.0273555830231
0.0209401315608
0.0290580737905
0.026121490542
0.0582174100952
0.0511701371249
0.0198305941426
0.0192542721709
0.0311493554258
0.0352386972313
0.0338698133427

0.058443509492
0.0356855847093
0.0451783059621
0.0258237564669
0.0318853166975
0.0246320001168
0.0217622886303
0.0285859887539
0.0270872418402
0.0222726663261
0.04572801427
0.051316254173
0.0191752167821
0.02543937062
0.0567528339289
0.0407346482848
0.026503617575
0.0513121414432
0.027084632838
0.0332991600894
0.0207938100703
0.0454002394775
0.0407993008626
0.0356538508248
0.0326740787757
0.0302323974609
0.0325412945404
0.0281427678367
0.0251080399519
0.0655039786439
0.0369997145607
0.0257462333777
0.0581785777687
0.0272475837058
0.0399886521945
0.0356935251303
0.0541485557754
0.0424535870285
0.0444853487807
0.0283573992588
0.0819764361487
0.0590015105968
0.03188219029
0.050968475511
0.0324939447755
0.0521931083516
0.0406439448256
0.0396877943244
0.0379158762307
0.0343276168792
0.0369404327472
0.044895453657
0.0260523647306
0.0319273137405
0.0511706783014
0.041508432367
0.0533886185905
0.0456917083703
0.0529828977191
0.0516191320147
0.0376012497664

0.0395034034464
0.0321944500804
0.0567039491789
0.029419348556
0.0229034839992
0.0257261888559
0.0409588178451
0.0847175308149
0.0426987288462
0.0250981396881
0.0436237442391
0.0291620899928
0.0364690396016
0.0629631430085
0.0619817403223
0.0346899605609
0.0422332775509
0.053741415659
0.0602592073919
0.0382412086512
0.046482230274
0.0372175404212
0.0510306442533
0.0353040431736
0.0372913415876
0.0538999705486
0.0451360020338
0.0559548729044
0.0385690653382
0.0515250123755
0.0417526017089
0.0319551156519
0.0527213300956
0.0534209124959
0.0391837263302
0.0363199115434
0.0370075221509
0.0312624798149
0.0291903894374
0.0286975290836
0.0368247329742
0.0373989605294
0.0239272806335
0.0425255754507
0.0435934542972
0.0674065604511
0.022848004067
0.0521394848205
0.0263211085652
0.0409324215627
0.0392313904594
0.0300544474833
0.0533816884045
0.0329024942793
0.0284117996757
0.033083241134
0.0253524245084
0.0222943123806
0.0593915602452
0.0322313378115
0.036233723503

0.0270912233913
0.0319918147249
0.0442080178274
0.0491785638197
0.0357842641203
0.0280030584665
0.0454892081874
0.0477333669287
0.0272859487205
0.0418563808754
0.0556978923163
0.021265080829
0.0607150524221
0.0544418427048
0.0253002663367
0.0250000694731
0.0507475567796
0.0244348843111
0.029874268096
0.0505977937995
0.0296461412411
0.0338745481573
0.0370000033048
0.0227372818723
0.0534585378198
0.0651748834548
0.0316036228555
0.0282308896508
0.0557935047422
0.0531485181939
0.0391428570041
0.0219783284414
0.0260206055707
0.0254036149822
0.0265050405882
0.0262266249636
0.0305915301295
0.0238869178009
0.0434106963625
0.0442793750636
0.083391360866
0.0223784128493
0.0391567364704
0.0280788489599
0.0337373667119
0.0408243583754
0.0365262290514
0.0262535942721
0.0396003162937
0.0285531148047
0.0433173701914
0.0420420690891
0.038986507329
0.0526832714934
0.0364678676086
0.0506866326266
0.0402885485062
0.0605880505241
0.0323872658125
0.0377774178746
0.0417516518607

0.0544320176345
0.0394947552164
0.0408664961918
0.0453662228357
0.0361831714034
0.0390925921113
0.0549229092029
0.0293180029014
0.0531386715989
0.0592193105544
0.0312180195822
0.0333559587156
0.0259911057599
0.0357214840193
0.050823623428
0.0462386987974
0.0389164013372
0.0536960030265
0.0250350887295
0.0275387499579
0.0860145171377
0.0298474930233
0.0355288431525
0.0489657684252
0.0242405804058
0.0449896430105
0.0616512459718
0.0455994071522
0.0565296517352
0.0359128607455
0.0285772606977
0.0426574320122
0.0346710330641
0.0394666262486
0.0516297454103
0.0331874201054
0.0433502231143
0.0305426969727
0.0305035041908
0.02985168249
0.0281994522892
0.0559019506651
0.0392967600027
0.0414030228822
0.0512150774667
0.0347876542883
0.0218003703135
0.0517106474844
0.0438006169672
0.0235643860102
0.0647309720984
0.0404895061025
0.0284176175105
0.0336360107167
0.0248020492094
0.0429351335334
0.0325137118055
0.0603085696284
0.033202171471
0.0460150448165
0.0398604755205

0.0436206524392
0.0339036910876
0.0397494146127
0.0248948319027
0.0311099782329
0.0526733486915
0.028501961092
0.0488106231544
0.0303009426036
0.033026508124
0.0247785091463
0.0425301411454
0.0274035574099
0.054149032868
0.0322259222132
0.043108194094
0.0424335167996
0.0322051711126
0.028608781553
0.0459597801325
0.0302256295131
0.0265592706469
0.0524487700265
0.0464128158544
0.051557928687
0.0330539231177
0.026008019108
0.0475637280524
0.0346050662856
0.0244308044106
0.0393777413251
0.0546483492444
0.0440385196546
0.0363163522824
0.0501883203581
0.0485875911757
0.0236917242911
0.029387725039
0.0274410730344
0.065100092012
0.0338273091702
0.0432156232533
0.0593635091452
0.0323206747571
0.0616343718733
0.0324441475132
0.0591002753797
0.0299953067354
0.0301338759268
0.0626107329109
0.0459466193901
0.0851295102565
0.0360688831751
0.0411765298965
0.0287276294815
0.0455194973306
0.0316170687536
0.0430847755497
0.0398720271816
0.0241582996602
0.0367907298998

0.0253685309332
0.0229049639615
0.02869076004
0.0224284108357
0.0824452540549
0.0526062618131
0.0346619297852
0.029545411619
0.039999384016
0.0519521381785
0.0458889360684
0.0271995342799
0.05537988189
0.0290149343315
0.0251053688729
0.044276479307
0.0443816797369
0.0351830672358
0.0365596777461
0.0355880978981
0.0381373320492
0.0356002719029
0.0284288710474
0.0441136541735
0.0598804199031
0.026874908891
0.0489373293729
0.0250607907081
0.0477537420966
0.0313402713086
0.0596196251946
0.0436186741146
0.0283463636807
0.0458708571142
0.0410884863156
0.0292973177483
0.0229904533456
0.0255024119685
0.0430972396861
0.0342374424966
0.0414523208443
0.0219185955455
0.0383857487862
0.0263551361477
0.0475911658368
0.0479869757191
0.036281678587
0.0605029824195
0.0641354031071
0.0368949961352
0.041320309441
0.0640248197618
0.0583298620632
0.0543801267582
0.0391382033554
0.0409738349144
0.0613381004893
0.0367653638
0.0397069202073
0.0396137886392
0.0439953000536

0.0328070162032
0.0459103450433
0.0551585414419
0.0318326839045
0.0450807904569
0.0335197512967
0.0522468708835
0.0504087208564
0.0328580032423
0.0540611233842
0.0433896554575
0.0458129327869
0.0891283843825
0.0628899977135
0.0370823349487
0.0363228316734
0.0512581549073
0.032570106829
0.0591489821957
0.0343727867839
0.0327490700718
0.0262985967563
0.0534813615257
0.0275268437571
0.0460965904372
0.0508928468786
0.0294944523545
0.0295907794882
0.0387370394786
0.0378919131252
0.0498819102002
0.0289592777924
0.0379171167165
0.0351014349442
0.0349658701264
0.0245614735902
0.0594894754456
0.0290744181293
0.0190150845029
0.0278621658791
0.0267741523621
0.0430526509231
0.039605757983
0.0409339554119
0.0305814823035
0.0264207363741
0.0567502891987
0.0315352098099
0.0657408117162
0.0365247151279
0.0443318430093
0.0379348274465
0.0300425073223
0.0482582392866
0.0583610671844
0.0406133782047
0.0585045072819
0.0316387366712
0.0293432646987
0.0309710832916
0.0383072117787

0.0273779633504
0.0333413025459
0.0509422600568
0.0293743821403
0.0254687373321
0.0572947710736
0.0466707165828
0.0430124139904
0.0348253757051
0.0441791012474
0.0389874703506
0.0248922738488
0.0250924897282
0.0254071100427
0.0562260744268
0.0413504959313
0.041338455107
0.0339580329661
0.0542645854188
0.0369329210898
0.0291265874778
0.0356485231273
0.0361128980233
0.0349617649994
0.0299815229847
0.0515341795349
0.0437777543594
0.0451350527702
0.0514171386371
0.0291604937349
0.0265880170498
0.0506231590319
0.0496452752495
0.0377917189974
0.0835750849572
0.0423049414971
0.0336613771318
0.0599107119228
0.0333400895376
0.0317934330994
0.0395336041817
0.0315368672097
0.0272377177569
0.0324029071668
0.0629844361514
0.0531126133326
0.0287134602729
0.0551539781602
0.0665522075816
0.0278999928468
0.0432965584453
0.0417390467457
0.0288526622518
0.0330975551588
0.0278300479172
0.0513663199421
0.0528911166835
0.0314058910092
0.0332250505493
0.0283896372659
0.0357651258738

0.0319473241651
0.0232880425882
0.0422553918961
0.0286075630882
0.0328723641116
0.0249840792228
0.0508663281269
0.0286580353361
0.0447805621653
0.033929810337
0.0365352246401
0.0366459585242
0.0266927645316
0.060537605222
0.0257013886441
0.0493916870853
0.0251205173436
0.0617354155318
0.0467187000306
0.0592864967333
0.0248676869561
0.0503122238432
0.0506319070935
0.0318785526137
0.0407655191413
0.0340116478984
0.0536488794504
0.028805075024
0.0239683057829
0.0295567929739
0.0381535407344
0.0430404629351
0.0347237619138
0.0364277662959
0.0402535514682
0.0502390773226
0.0281501464251
0.0401615219048
0.0384621991625
0.0252490946166
0.0494488380691
0.0332292113935
0.0218260639764
0.0579506433446
0.0352002071534
0.0314444927076
0.0284248624906
0.0410181621544
0.0873044334229
0.0343426023598
0.0493036560628
0.0497998852271
0.0366191434017
0.0353063632113
0.0284943687219
0.0346252501072
0.0546838833902
0.0648303465609
0.0316176651399
0.0365271477808
0.0378078619836

0.0312192817149
0.0842373659861
0.0292434977073
0.0370961549878
0.0578196956062
0.0273808147682
0.037577966302
0.0555907001137
0.0296901225174
0.0304563370591
0.0493842705247
0.0567027101245
0.0409401153919
0.0251571560957
0.0253717074061
0.0383674390412
0.0433785520548
0.0284058872759
0.0282969136572
0.0333328880888
0.0426304324264
0.0263906071232
0.0464870329495
0.0309527379839
0.0376966466687
0.0321110202096
0.0474699141331
0.0414456818202
0.0428154676881
0.0525049281991
0.0618553530228
0.0298369399308
0.0273065867688
0.0262450106247
0.0488058152306
0.0346763413383
0.0372833005807
0.0329282065257
0.0266597035465
0.0439924324951
0.0287637825097
0.028208302477
0.0457183977946
0.0493863894747
0.0312756911172
0.0376521711728
0.0261456207343
0.031044142877
0.0305497154225
0.0543358426563
0.0348014792205
0.0406862623293
0.049247373065
0.0554288555772
0.0426557267045
0.0673214982356
0.0616208658301
0.04722424116
0.0267514280861
0.0439412136278
0.0391630938465

0.0846064788226
0.0309225403157
0.034744930606
0.0382865244682
0.0368487888154
0.0456676458927
0.0461928686849
0.0653042356554
0.0281262698831
0.0308772654608
0.0386665542483
0.0318674989368
0.0516085487504
0.0529890112313
0.0290966080777
0.0458105932434
0.0584330544251
0.0289584240045
0.0398483531978
0.0496750412212
0.0303281046283
0.0258758672376
0.0592800540052
0.0301695895465
0.0365579722421
0.0343941969529
0.0449923130842
0.0503219710342
0.0522250932407
0.0296899918902
0.0422223664747
0.0283387859993
0.0375401804181
0.0330856896501
0.0531687687971
0.0428619531808
0.0284502100006
0.0299589220689
0.047083720479
0.0248698538897
0.0334889247736
0.05823275945
0.0421922978631
0.0488464373427
0.0385592244516
0.0591977069444
0.037619930794
0.0352164975432
0.0519134116607
0.0519738503581
0.04501917169
0.0485960246251
0.0294114278378
0.0369585021242
0.0473610632193
0.0354461960625
0.0297764066582
0.0607914555775
0.0364517873959
0.0307534953042
0.0380814082923

0.0325775627649
0.0230182630666
0.0561834557153
0.0361220322758
0.0425279522818
0.0439651793719
0.0312633984896
0.0466638863774
0.0217499530192
0.0311290433037
0.026058257481
0.0583901791127
0.0266647089197
0.029285899017
0.0413012826012
0.027495421339
0.0486960934035
0.0280259499669
0.0281165151595
0.0391940809706
0.0509406550759
0.04195959068
0.0281397162102
0.049678364924
0.0329207430921
0.0482749787969
0.0468256485333
0.0394218090141
0.034054496435
0.0291879217772
0.0380080880143
0.0291847929226
0.0617883588971
0.0356489247072
0.0254676428413
0.0431562874416
0.0260023192503
0.0458389455084
0.0289222743901
0.0422784850074
0.0352044644468
0.0351565122029
0.0508399743984
0.051956338506
0.0379415566093
0.0321599352614
0.0840419750998
0.0235135857406
0.0481360865371
0.0307823648145
0.0290384205428
0.0648522275508
0.035889689349
0.0345007506171
0.0601453701171
0.0262235957095
0.0316943702295
0.024907583189
0.059093511871
0.0536563966627
0.0361976300854

0.0509962256152
0.0233307189795
0.0318108143452
0.0550975060717
0.0303129763058
0.0499248246652
0.0334799383798
0.045175738587
0.0241301477309
0.0258454207613
0.0566076099727
0.0591841873098
0.0445613329327
0.0292057747341
0.046437952471
0.0494396580774
0.0310146149245
0.0364648624033
0.0396816304514
0.030842398038
0.0431875660427
0.0303221041255
0.0371267470998
0.029684446118
0.0297857490365
0.0309339494632
0.036448880244
0.0453779048723
0.0433307023525
0.0341072526307
0.0443288627365
0.058107087528
0.0537322387867
0.0500282489052
0.058823690219
0.0366830518053
0.0315153219488
0.0434041737706
0.0285601257971
0.0317470307837
0.0308962217442
0.041994288579
0.0306674574978
0.0328617743642
0.0354193993502
0.049767412611
0.0378217750163
0.0291824016043
0.0208143752447
0.0511931720968
0.0639122067371
0.0358306598303
0.0485440244958
0.0496915249661
0.0417080773714
0.0319100328171
0.0557520786475
0.0837515718727
0.0438364588867
0.0285425146427
0.038224349229

0.025886677394
0.0483824624629
0.0519806541787
0.029562569532
0.0320976420059
0.0350821500137
0.0623344551613
0.0376647139025
0.0266846794751
0.0613449678378
0.0245546803979
0.0433994395208
0.0333598298862
0.0433428403908
0.0288707424902
0.0239849814217
0.0392348533754
0.0245219349903
0.0587607059299
0.0283029408854
0.0299324357576
0.0837082765449
0.0253348313963
0.0493816981366
0.0510843659442
0.0310370433654
0.0342029217332
0.0351778808405
0.0461308261766
0.0349079811403
0.0544105420398
0.0283777812006
0.0256930955289
0.0362430712924
0.0429682016853
0.0676068820802
0.0382739636918
0.0561597455944
0.0289268814224
0.0291395843973
0.0461637769036
0.038248632126
0.0282741002096
0.0419799332697
0.026749241126
0.0399983680713
0.0457998733664
0.0254201429373
0.047602104124
0.0402836766708
0.0273497488398
0.0411959660578
0.0310391555143
0.0464318929924
0.0537905202607
0.0505604894087
0.0534555330793
0.0389636268214
0.0290947069919
0.0360631348103
0.0393467769545

0.031072263979
0.0315866240544
0.0590374864477
0.0497278476906
0.0292501133393
0.0476640841094
0.0301004555448
0.0591056929851
0.0325062391156
0.0284047188626
0.038914141638
0.0360061921487
0.0386618362258
0.0455203626698
0.0311508314853
0.0279590665668
0.0276643919532
0.025797267879
0.0215493819775
0.0337641256271
0.0589921076069
0.047590473514
0.0523484980018
0.0493112641311
0.0808905435929
0.0367248111618
0.0261224148842
0.0251600244928
0.0477241310269
0.0534239421959
0.0339287353954
0.0285293580422
0.0309657883064
0.0534569600425
0.042510533564
0.0378656268279
0.0244076271176
0.0429804143469
0.037054693352
0.0366348678727
0.0236860274311
0.048073124513
0.0300937331527
0.0682497265394
0.0302630790779
0.0432999302354
0.0517036432295
0.0502065277284
0.025469667021
0.0452169749785
0.0344889835333
0.0623616752721
0.0315998176175
0.0417503595157
0.0333571748856
0.0414517704662
0.0353082411682
0.0396510550951
0.0358515332378
0.028797213096
0.037585307705

0.027629563953
0.0492221969251
0.0511000781749
0.0431209329161
0.0213842770593
0.0441010963669
0.0322676503396
0.0380911808125
0.0279090533196
0.02310361957
0.0216623417157
0.0248969951502
0.0591358991853
0.0274210358036
0.0293673683949
0.0367071172015
0.0328327058681
0.0251552798473
0.0528823061383
0.0426899666667
0.0474989787986
0.0356100662281
0.0392316924486
0.0433052715395
0.027954889548
0.0400719053345
0.0372413450401
0.023447907122
0.0271220543675
0.0290876108447
0.0548174436416
0.0654372348246
0.0344944255766
0.0274775751911
0.0474419964639
0.0311194140081
0.0411859071875
0.0269263154031
0.0284350094516
0.0393422791523
0.0513069669062
0.0260271966074
0.03265689871
0.0589905347745
0.0215607420904
0.0484017718527
0.0316105613612
0.0284639825411
0.0342915228239
0.0360443525858
0.0272975363456
0.0265879886035
0.0468792484208
0.0829624238216
0.0601696461474
0.0515381564574
0.0554049908217
0.0277235269275
0.0626183338572
0.0468837792085
0.0425727386685

0.0305279908271
0.0471923619337
0.0309568514714
0.0350441011965
0.0512874473751
0.0413826789319
0.0535312697114
0.0600709227627
0.0360748185945
0.0598786769081
0.0533337189431
0.0431065640745
0.0499454540467
0.0452785823612
0.0302493415414
0.0320877068541
0.0495525455798
0.0298280002602
0.0313203229549
0.0571523591495
0.0320510024823
0.0275168650823
0.0387913993258
0.0296131629659
0.0238156153577
0.0293885913395
0.0239283722594
0.0281517863655
0.0673172414266
0.0512985543208
0.02544348362
0.0337256668779
0.0560491307459
0.0403330022224
0.0243972006303
0.0330031456991
0.058301502506
0.0281708134647
0.0288540642401
0.0476671747078
0.0454154440174
0.0345620146933
0.0355263832336
0.0356525863274
0.0413001596234
0.0377353610418
0.0335697942653
0.0420127955249
0.0314702781495
0.0577093953189
0.0411543694881
0.0423309860396
0.0269916180002
0.0825328906618
0.0501520007428
0.0301862110764
0.0525287948726
0.0477162988716
0.033846841933
0.0469098003342
0.0418871205997

0.0481446314457
0.0538554957234
0.0312919028436
0.0516127788059
0.0301194341212
0.0352830158783
0.0497904025868
0.0238544953718
0.0294427405249
0.0361402555785
0.0542607805298
0.0613257877655
0.0307792263141
0.0612911589441
0.033530302948
0.0379535796932
0.0300385381659
0.0297736472049
0.0486563697245
0.0382459733874
0.0283722772959
0.0428939279127
0.0354928714739
0.0230291803171
0.0260346777752
0.0339107698984
0.0286617220142
0.0261604874322
0.0448945714194
0.0643830866991
0.0390071161188
0.0407661865209
0.031624951459
0.0570374117189
0.0267293656722
0.0409614820608
0.0229904239845
0.0534918883533
0.0607321554809
0.0340014581865
0.0854844722127
0.055023823658
0.0315041073822
0.0554775157623
0.0339940884544
0.0325178430894
0.0520424655336
0.038231826547
0.0463229037128
0.0358247552511
0.0504905895979
0.0348084990649
0.036507291209
0.0305980558283
0.0316910003406
0.0431863339296
0.0428109538646
0.0449157829664
0.0374152508507
0.0252519338327
0.0363509327562

0.0518801109342
0.0417079423242
0.0295987771817
0.0509285244797
0.0529870490611
0.0329739511319
0.0309734438722
0.0486280642819
0.0333326660316
0.0578138799216
0.0358549185471
0.0560492412631
0.0437476828205
0.0355077708724
0.0416177707682
0.0669712908698
0.0509016633224
0.0465038502444
0.0403321899651
0.0355558767214
0.0470923603469
0.0381737886689
0.0542757514572
0.0371156238039
0.0394296983995
0.0293158514741
0.041270670707
0.0343431661596
0.0261168191737
0.0299105636608
0.0308942039719
0.0861508648463
0.0219963548006
0.0409261526136
0.0415479004447
0.0592186448406
0.0581936317225
0.030925437643
0.0266512155098
0.0359672827591
0.0542894409793
0.0446444999027
0.0550731541981
0.0492022663435
0.0412482089531
0.033582154336
0.0418865828094
0.0522905941272
0.0337757442327
0.0314531180671
0.0456922358941
0.0328242631929
0.0510464740529
0.0292113866789
0.050680240305
0.0246489831106
0.0367532761809
0.0299899932711
0.0296135972114
0.0328336825454
0.0376919642324

0.0422203446118
0.0280191278294
0.0322574990558
0.0446659319991
0.0271479952737
0.0337669296347
0.0473983735974
0.0388519706093
0.0245266544488
0.0274879062168
0.0269330597815
0.059200715964
0.0443081097855
0.037337615675
0.0557308342258
0.0304532158298
0.0333034355107
0.0267335071601
0.0237620821777
0.0250206102373
0.023469926317
0.0825883959707
0.0385410943812
0.059238815276
0.0202683483612
0.0491071790351
0.0251101478843
0.0337329817947
0.0494584513071
0.0200993361075
0.033316357998
0.0626550053032
0.0507024285099
0.0469173730236
0.0340874954467
0.0435952741182
0.0403495630309
0.0383785795006
0.0406758113414
0.0369607916647
0.0490006167083
0.0617758104627
0.0354985417051
0.0440251872082
0.0299674481082
0.0600453412041
0.0325238479334
0.0335774605091
0.0523907318326
0.0316612672973
0.047855161849
0.0414353936503
0.0429250744345
0.0283228313455
0.0497766506739
0.0430729244119
0.0504983587892
0.0285019741119
0.024136825851
0.0276418843965
0.0371509361578

0.0256906057473
0.0210333796575
0.0464752932912
0.0280013705308
0.057335967735
0.0476232684664
0.0442170253898
0.039990069126
0.0424603684337
0.0558088167706
0.0428635063108
0.0429834490215
0.0400672476934
0.0562167018527
0.0413567384953
0.038804636208
0.0480236130594
0.0343960822852
0.0273041699124
0.0298961473267
0.0259560605468
0.0538687913525
0.059387680502
0.0383556567583
0.0452748222329
0.0245723486184
0.0390990520237
0.0284363780422
0.0280018700048
0.0392240762896
0.0282902951585
0.0538186492606
0.0437702267286
0.0292104220033
0.0654623113578
0.0299180880711
0.0292094974612
0.0345356172012
0.0339459355594
0.0248821554354
0.0359783326681
0.0482844804288
0.0416600084935
0.0287913992762
0.0588958846312
0.0240204192044
0.0523231892176
0.0267378789749
0.0299076628384
0.0376171811485
0.0513083736509
0.0825647292429
0.0302875691383
0.0324821380537
0.0423637123911
0.0487882256558
0.0415395251627
0.0307738579035
0.0312727034091
0.0371483748738
0.0383978457518

